# The SpeX Prism Spectral Libraries
# spty = Opt:T8,NIR:T7  (Spectral type)
#
#     WAVELENGTH	#            FLUX	
#     (ANGSTROM)	#   (ERG/CM2/S/A)	
################	#################	
      6536.48000	     -5.47133e-02	
      6558.50000	      1.54176e-02	
      6580.43000	      1.73783e-02	
      6602.26000	      1.02211e-02	
      6624.03000	     -2.87999e-03	
      6645.72000	     -1.54512e-02	
      6667.36000	      1.21715e-02	
      6688.95000	      7.60260e-03	
      6710.49000	     -1.91381e-02	
      6732.01000	     -4.44117e-03	
      6753.50000	      2.02353e-02	
      6774.98000	     -1.54138e-03	
      6796.44000	     -9.03493e-03	
      6817.91000	     -8.19868e-03	
      6839.39000	     -6.10313e-03	
      6860.88000	     -8.39286e-03	
      6882.40000	     -1.73169e-02	
      6903.94000	      6.28710e-03	
      6925.52000	     -4.10028e-03	
      6947.14000	      4.35149e-03	
      6968.81000	      1.48376e-03	
      6990.54000	      1.25815e-02	
      7012.33000	     -5.06126e-03	
      7034.19000	      5.33916e-03	
      7056.12000	     -8.58135e-03	
      7078.12000	      1.82200e-04	
      7100.22000	     -5.65440e-03	
      7122.40000	      1.46965e-02	
      7144.68000	      3.00867e-03	
      7167.06000	     -5.44390e-04	
      7189.54000	      1.16682e-03	
      7212.14000	      9.48822e-03	
      7234.84000	      6.81573e-03	
      7257.67000	     -4.12551e-03	
      7280.62000	     -3.29688e-03	
      7303.69000	      1.34759e-02	
      7326.90000	      1.80808e-03	
      7350.24000	     -5.00745e-03	
      7373.72000	     -4.34628e-03	
      7397.34000	      3.23153e-03	
      7421.11000	     -2.55009e-04	
      7445.02000	     -3.47766e-03	
      7469.09000	     -4.31966e-03	
      7493.31000	     -3.69704e-03	
      7517.69000	     -3.98716e-03	
      7542.23000	     -2.27311e-03	
      7566.93000	     -6.91839e-03	
      7591.80000	     -1.20932e-02	
      7616.84000	     -8.61131e-03	
      7642.05000	     -4.76554e-03	
      7667.43000	     -7.30037e-03	
      7692.99000	     -6.55184e-03	
      7718.72000	     -6.85825e-03	
      7744.63000	     -3.64576e-03	
      7770.72000	     -9.78608e-03	
      7797.00000	     -4.04577e-03	
      7823.46000	     -5.96196e-03	
      7850.10000	      1.02364e-03	
      7876.93000	     -1.36592e-03	
      7903.95000	     -4.74400e-03	
      7931.16000	     -1.06933e-04	
      7958.56000	     -3.59053e-03	
      7986.15000	     -1.38343e-03	
      8013.94000	      1.92626e-03	
      8041.91000	      2.56857e-04	
      8070.08000	     -4.79204e-03	
      8098.45000	     -6.80209e-03	
      8127.01000	     -3.31227e-03	
      8155.76000	     -8.31456e-03	
      8184.71000	      2.03660e-03	
      8213.86000	     -5.15814e-03	
      8243.21000	     -2.81427e-03	
      8272.75000	     -3.80058e-03	
      8302.49000	     -3.81711e-03	
      8332.43000	     -2.30117e-03	
      8362.56000	     -1.97606e-03	
      8392.89000	     -5.22858e-04	
      8423.42000	     -1.97086e-03	
      8454.14000	      4.32234e-04	
      8485.06000	      1.83079e-03	
      8516.18000	      2.10864e-03	
      8547.49000	     -7.45067e-04	
      8579.00000	      2.94676e-03	
      8610.70000	      5.64139e-03	
      8642.60000	      2.28693e-03	
      8674.69000	      2.60478e-03	
      8706.97000	      4.47394e-03	
      8739.44000	      1.57905e-03	
      8772.11000	      3.73411e-03	
      8804.96000	      4.06504e-03	
      8838.01000	      3.84536e-03	
      8871.24000	      5.41062e-03	
      8904.66000	      3.93916e-03	
      8938.27000	      2.96539e-03	
      8972.06000	      6.19902e-03	
      9006.04000	      5.53855e-03	
      9040.20000	      5.43679e-03	
      9074.54000	      7.26074e-03	
      9109.06000	      7.73215e-03	
      9143.76000	      7.07418e-03	
      9178.63000	      7.96807e-03	
      9213.69000	      8.69925e-03	
      9248.92000	      1.00271e-02	
      9284.32000	      3.93748e-03	
      9319.89000	      3.63082e-03	
      9355.64000	      8.12448e-03	
      9391.55000	      9.33683e-03	
      9427.63000	      8.34287e-03	
      9463.88000	      1.10103e-02	
      9500.29000	      9.57380e-03	
      9536.86000	      8.70650e-03	
      9573.60000	      9.30127e-03	
      9610.49000	      8.09235e-03	
      9647.54000	      8.04802e-03	
      9684.74000	      1.38003e-02	
      9722.10000	      1.60920e-02	
      9759.61000	      1.65434e-02	
      9797.27000	      1.83400e-02	
      9835.08000	      2.02087e-02	
      9873.04000	      2.22384e-02	
      9911.14000	      2.31420e-02	
      9949.38000	      2.48635e-02	
      9987.76000	      2.71015e-02	
     10026.30000	      2.87253e-02	
     10064.90000	      2.99790e-02	
     10103.70000	      3.43586e-02	
     10142.70000	      3.62531e-02	
     10181.70000	      3.64922e-02	
     10220.90000	      4.07007e-02	
     10260.20000	      4.22808e-02	
     10299.60000	      4.93095e-02	
     10339.20000	      5.14392e-02	
     10378.90000	      5.25980e-02	
     10418.70000	      5.55204e-02	
     10458.60000	      5.77485e-02	
     10498.60000	      5.92425e-02	
     10538.80000	      6.33640e-02	
     10579.00000	      6.47273e-02	
     10619.40000	      6.71328e-02	
     10659.80000	      6.88343e-02	
     10700.40000	      7.08893e-02	
     10741.10000	      7.29564e-02	
     10781.80000	      7.45332e-02	
     10822.70000	      7.27655e-02	
     10863.70000	      6.75325e-02	
     10904.70000	      5.82280e-02	
     10945.90000	      4.51691e-02	
     10987.10000	      3.38153e-02	
     11028.40000	      2.77044e-02	
     11069.80000	      2.03881e-02	
     11111.30000	      1.59015e-02	
     11152.90000	      1.05354e-02	
     11194.50000	      1.15623e-02	
     11236.30000	      1.09375e-02	
     11278.10000	      1.02111e-02	
     11319.90000	      1.24870e-02	
     11361.90000	      9.25417e-03	
     11403.90000	      9.73597e-03	
     11446.00000	      8.50326e-03	
     11488.10000	      9.55004e-03	
     11530.30000	      7.94596e-03	
     11572.60000	      9.67171e-03	
     11614.90000	      8.40425e-03	
     11657.30000	      9.87013e-03	
     11699.70000	      1.03399e-02	
     11742.20000	      1.15630e-02	
     11784.70000	      1.40489e-02	
     11827.30000	      1.78735e-02	
     11869.90000	      2.05636e-02	
     11912.60000	      2.42450e-02	
     11955.30000	      3.12736e-02	
     11998.10000	      3.47443e-02	
     12040.90000	      4.03821e-02	
     12083.70000	      4.44804e-02	
     12126.60000	      4.97125e-02	
     12169.50000	      5.69171e-02	
     12212.40000	      6.25545e-02	
     12255.40000	      6.79640e-02	
     12298.30000	      7.20963e-02	
     12341.40000	      7.59218e-02	
     12384.40000	      8.04329e-02	
     12427.40000	      8.41593e-02	
     12470.50000	      8.92733e-02	
     12513.60000	      9.42410e-02	
     12556.70000	      9.99218e-02	
     12599.80000	      1.05287e-01	
     12643.00000	      1.05736e-01	
     12686.10000	      1.10723e-01	
     12729.30000	      1.06488e-01	
     12772.50000	      1.07455e-01	
     12815.60000	      9.86766e-02	
     12858.80000	      9.25140e-02	
     12902.00000	      8.96838e-02	
     12945.20000	      8.10202e-02	
     12988.30000	      7.62575e-02	
     13031.50000	      7.30383e-02	
     13074.70000	      6.62719e-02	
     13117.90000	      5.80756e-02	
     13161.00000	      5.25770e-02	
     13204.20000	      4.34390e-02	
     13247.30000	      3.22214e-02	
     13290.50000	      2.08695e-02	
     13333.60000	      1.00476e-02	
     13376.70000	      4.16553e-03	
     13419.80000	      2.77303e-03	
     13462.90000	      1.71808e-03	
     13505.90000	     -2.99710e-04	
     13549.00000	     -4.19017e-04	
     13592.00000	     -9.25661e-04	
     13635.00000	      6.49032e-04	
     13678.00000	      2.04382e-03	
     13720.90000	      2.51428e-03	
     13763.90000	     -1.31903e-03	
     13806.80000	      2.33506e-03	
     13849.70000	      6.81706e-04	
     13892.50000	      9.84086e-04	
     13935.30000	      2.00500e-03	
     13978.10000	      1.47765e-03	
     14020.90000	      2.65747e-03	
     14063.60000	     -3.06900e-03	
     14106.30000	      1.36084e-03	
     14148.90000	      1.65581e-03	
     14191.50000	      1.02367e-04	
     14234.10000	      1.45121e-03	
     14276.60000	      4.95947e-04	
     14319.10000	      1.18968e-03	
     14361.60000	      2.84836e-03	
     14404.00000	      1.89910e-03	
     14446.40000	      1.97882e-03	
     14488.70000	      2.36654e-03	
     14531.00000	      2.46784e-03	
     14573.20000	      4.12458e-03	
     14615.40000	      4.30569e-03	
     14657.60000	      4.29448e-03	
     14699.70000	      4.39329e-03	
     14741.70000	      5.79482e-03	
     14783.70000	      7.40164e-03	
     14825.70000	      4.13394e-03	
     14867.60000	      7.96277e-03	
     14909.40000	      8.27216e-03	
     14951.20000	      1.00635e-02	
     14992.90000	      9.73175e-03	
     15034.60000	      1.07256e-02	
     15076.30000	      1.24141e-02	
     15117.90000	      1.36400e-02	
     15159.40000	      1.64370e-02	
     15200.90000	      1.60597e-02	
     15242.30000	      1.82098e-02	
     15283.60000	      2.13493e-02	
     15324.90000	      2.57259e-02	
     15366.20000	      2.75720e-02	
     15407.40000	      3.01200e-02	
     15448.50000	      3.22915e-02	
     15489.50000	      3.60905e-02	
     15530.60000	      3.89586e-02	
     15571.50000	      3.90869e-02	
     15612.40000	      4.27780e-02	
     15653.20000	      4.59831e-02	
     15694.00000	      4.86365e-02	
     15734.70000	      4.96781e-02	
     15775.30000	      5.10938e-02	
     15815.90000	      5.07322e-02	
     15856.40000	      5.11559e-02	
     15896.90000	      4.89352e-02	
     15937.30000	      4.54624e-02	
     15977.60000	      4.07146e-02	
     16017.80000	      3.30510e-02	
     16058.00000	      2.75896e-02	
     16098.20000	      1.99917e-02	
     16138.30000	      1.61268e-02	
     16178.30000	      1.22736e-02	
     16218.20000	      9.60494e-03	
     16258.10000	      9.63223e-03	
     16297.90000	      9.27323e-03	
     16337.60000	      7.04771e-03	
     16377.30000	      8.35317e-03	
     16416.90000	      7.90193e-03	
     16456.50000	      8.96124e-03	
     16496.00000	      1.16114e-02	
     16535.40000	      9.94701e-03	
     16574.70000	      1.11074e-02	
     16614.00000	      9.77256e-03	
     16653.20000	      9.02876e-03	
     16692.40000	      5.23689e-03	
     16731.50000	      3.92215e-03	
     16770.50000	      6.23407e-03	
     16809.50000	      8.10906e-03	
     16848.40000	      8.56704e-03	
     16887.20000	      8.12740e-03	
     16926.00000	      8.88108e-03	
     16964.70000	      7.25107e-03	
     17003.30000	      7.17958e-03	
     17041.90000	      6.52621e-03	
     17080.40000	      6.45352e-03	
     17118.80000	      6.80206e-03	
     17157.20000	      7.82638e-03	
     17195.50000	      9.54947e-03	
     17233.70000	      8.88584e-03	
     17271.90000	      8.18354e-03	
     17310.00000	      8.40153e-03	
     17348.10000	      6.19965e-03	
     17386.00000	      5.84909e-03	
     17424.00000	      5.03922e-03	
     17461.80000	      6.86735e-03	
     17499.60000	      6.97754e-03	
     17537.30000	      5.45660e-03	
     17575.00000	      6.69193e-03	
     17612.60000	      7.17009e-03	
     17650.20000	      5.71905e-03	
     17687.60000	      4.36595e-03	
     17725.00000	      2.65934e-03	
     17762.40000	      3.62320e-03	
     17799.70000	      2.10352e-03	
     17836.90000	      4.47448e-03	
     17874.10000	      3.25382e-03	
     17911.20000	      2.59133e-03	
     17948.20000	      1.26911e-03	
     17985.20000	      1.54180e-03	
     18022.10000	      2.84477e-03	
     18059.00000	      2.83774e-03	
     18095.80000	      2.43478e-03	
     18132.60000	      2.42398e-03	
     18169.20000	      2.45974e-03	
     18205.90000	      2.55214e-03	
     18242.40000	      4.35125e-03	
     18278.90000	      3.39665e-03	
     18315.40000	      1.88845e-03	
     18351.80000	      1.98019e-03	
     18388.10000	      9.12657e-04	
     18424.40000	      2.70789e-03	
     18460.60000	      8.98365e-04	
     18496.80000	      1.77252e-03	
     18532.90000	      4.22194e-04	
     18568.90000	      3.65732e-03	
     18604.90000	      5.40990e-04	
     18640.80000	      2.45852e-03	
     18676.70000	     -6.63595e-04	
     18712.50000	      4.15794e-03	
     18748.30000	      8.73749e-04	
     18784.00000	      4.40157e-03	
     18819.70000	      4.04899e-03	
     18855.30000	      2.43093e-03	
     18890.80000	      3.12194e-03	
     18926.30000	      6.11117e-03	
     18961.80000	      6.27307e-03	
     18997.20000	      6.20540e-03	
     19032.50000	      3.23298e-03	
     19067.80000	      3.34064e-03	
     19103.00000	      5.27854e-03	
     19138.20000	      4.94631e-03	
     19173.40000	      4.91081e-03	
     19208.40000	      4.80468e-03	
     19243.50000	      4.83489e-03	
     19278.40000	      3.82346e-03	
     19313.40000	      4.32716e-03	
     19348.20000	      3.61408e-03	
     19383.10000	      2.17938e-03	
     19417.80000	      2.35401e-03	
     19452.60000	      2.69995e-03	
     19487.20000	      2.89055e-03	
     19521.90000	      2.76391e-03	
     19556.40000	      2.71437e-03	
     19591.00000	      2.73168e-03	
     19625.40000	      3.69198e-03	
     19659.90000	      4.30864e-03	
     19694.30000	      5.03346e-03	
     19728.60000	      4.39871e-03	
     19762.90000	      4.45156e-03	
     19797.10000	      6.21808e-03	
     19831.30000	      5.32268e-03	
     19865.40000	      6.02902e-03	
     19899.50000	      5.57303e-03	
     19933.60000	      6.30668e-03	
     19967.60000	      7.60907e-03	
     20001.50000	      8.14418e-03	
     20035.40000	      7.68092e-03	
     20069.30000	      8.81055e-03	
     20103.10000	      8.55720e-03	
     20136.90000	      8.78513e-03	
     20170.60000	      1.00086e-02	
     20204.30000	      1.05860e-02	
     20237.90000	      1.12604e-02	
     20271.50000	      1.13261e-02	
     20305.00000	      1.25681e-02	
     20338.50000	      1.23948e-02	
     20372.00000	      1.34753e-02	
     20405.40000	      1.32830e-02	
     20438.70000	      1.37575e-02	
     20472.00000	      1.48334e-02	
     20505.30000	      1.49556e-02	
     20538.50000	      1.59982e-02	
     20571.70000	      1.72714e-02	
     20604.80000	      1.54928e-02	
     20637.90000	      1.68789e-02	
     20671.00000	      1.64257e-02	
     20704.00000	      1.67843e-02	
     20736.90000	      1.65571e-02	
     20769.80000	      1.66035e-02	
     20802.70000	      1.74908e-02	
     20835.50000	      1.74976e-02	
     20868.30000	      1.66171e-02	
     20901.00000	      1.62372e-02	
     20933.70000	      1.66002e-02	
     20966.30000	      1.64890e-02	
     20998.90000	      1.63923e-02	
     21031.40000	      1.62425e-02	
     21063.90000	      1.61903e-02	
     21096.40000	      1.56665e-02	
     21128.80000	      1.52256e-02	
     21161.10000	      1.56191e-02	
     21193.40000	      1.35273e-02	
     21225.70000	      1.42112e-02	
     21257.90000	      1.40586e-02	
     21290.10000	      1.25907e-02	
     21322.20000	      1.26268e-02	
     21354.30000	      1.19501e-02	
     21386.40000	      1.23125e-02	
     21418.40000	      1.11088e-02	
     21450.30000	      1.11557e-02	
     21482.20000	      1.02149e-02	
     21514.00000	      9.42245e-03	
     21545.90000	      1.03217e-02	
     21577.60000	      8.68922e-03	
     21609.30000	      8.54148e-03	
     21641.00000	      8.17851e-03	
     21672.60000	      7.66810e-03	
     21704.20000	      8.09193e-03	
     21735.70000	      7.19424e-03	
     21767.20000	      6.84166e-03	
     21798.60000	      7.02075e-03	
     21830.00000	      6.93697e-03	
     21861.30000	      5.07394e-03	
     21892.60000	      4.95288e-03	
     21923.80000	      4.21585e-03	
     21955.00000	      3.17431e-03	
     21986.10000	      2.10764e-03	
     22017.20000	      1.80568e-03	
     22048.20000	      3.57402e-04	
     22079.20000	      1.42326e-03	
     22110.20000	      1.34123e-03	
     22141.00000	      1.59675e-03	
     22171.90000	      1.25421e-03	
     22202.70000	      1.55168e-03	
     22233.40000	      1.43306e-03	
     22264.10000	      1.98121e-03	
     22294.70000	      1.27876e-03	
     22325.30000	      1.25455e-03	
     22355.80000	      9.44157e-04	
     22386.30000	      9.11091e-04	
     22416.80000	      9.97342e-04	
     22447.10000	      6.87952e-04	
     22477.50000	      1.41298e-04	
     22507.70000	     -1.46410e-06	
     22538.00000	      3.97741e-04	
     22568.10000	      3.27065e-04	
     22598.30000	      1.07500e-03	
     22628.30000	      8.81106e-04	
     22658.40000	      8.77854e-04	
     22688.30000	      1.09327e-03	
     22718.20000	      6.53687e-04	
     22748.10000	      1.14616e-03	
     22777.90000	      7.50268e-04	
     22807.70000	      5.08915e-04	
     22837.40000	      9.21409e-04	
     22867.10000	      2.60387e-04	
     22896.70000	      6.04293e-04	
     22926.20000	      2.01477e-04	
     22955.70000	      8.49046e-04	
     22985.20000	      5.40993e-04	
     23014.60000	      8.98880e-04	
     23043.90000	      4.57371e-04	
     23073.20000	      3.12634e-04	
     23102.40000	      5.07963e-04	
     23131.60000	      5.95521e-04	
     23160.80000	      1.24146e-03	
     23189.90000	      8.14183e-04	
     23218.90000	      4.41789e-04	
     23247.90000	      1.35214e-04	
     23276.80000	      5.26788e-04	
     23305.70000	      3.16763e-04	
     23334.60000	      4.84606e-04	
     23363.30000	      4.10883e-04	
     23392.10000	      1.40884e-03	
     23420.80000	      7.22502e-04	
     23449.40000	      3.23054e-04	
     23478.00000	      2.42812e-04	
     23506.60000	      4.20495e-04	
     23535.10000	      4.53007e-04	
     23563.50000	      6.26187e-05	
     23591.90000	      3.07966e-04	
     23620.30000	      5.63039e-04	
     23648.60000	      7.21376e-04	
     23676.90000	      7.64843e-04	
     23705.10000	      8.23982e-05	
     23733.30000	      1.49343e-03	
     23761.40000	      6.26135e-04	
     23789.50000	     -6.95318e-04	
     23817.60000	      2.03814e-05	
     23845.60000	      8.31044e-04	
     23873.60000	      1.19420e-03	
     23901.60000	      9.07715e-04	
     23929.50000	     -1.42208e-04	
     23957.30000	      6.70097e-04	
     23985.20000	      7.02202e-04	
     24013.00000	      4.78391e-04	
     24040.80000	      2.03014e-03	
     24068.50000	      1.69378e-03	
     24096.20000	      5.17741e-04	
     24123.90000	      1.34046e-03	
     24151.60000	      7.52141e-04	
     24179.20000	      1.19535e-03	
     24206.80000	      6.13807e-04	
     24234.40000	      1.93992e-03	
     24261.90000	      2.63835e-04	
     24289.50000	      2.34368e-03	
     24317.00000	      1.99580e-03	
     24344.50000	      1.39053e-03	
     24372.00000	      1.47793e-03	
     24399.40000	      7.52330e-04	
     24426.90000	      2.15426e-04	
     24454.40000	      1.89699e-03	
     24481.80000	      1.99014e-03	
     24509.20000	      1.68011e-04	
     24536.70000	      1.60950e-03	
     24564.10000	      1.94337e-03	
     24591.60000	      2.05899e-03	
     24619.00000	      3.65163e-03	
     24646.40000	      2.11143e-03	
     24673.90000	      1.38522e-03	
     24701.40000	      1.15868e-03	
     24728.80000	      4.15451e-04	
     24756.30000	      2.44637e-03	
     24783.90000	      2.00260e-03	
     24811.40000	      7.36213e-04	
     24839.00000	      2.47663e-03	
     24866.50000	      4.14903e-03	
     24894.20000	      3.39343e-03	
     24921.80000	      3.29293e-03	
     24949.50000	      3.05756e-03	
     24977.30000	      3.27971e-03	
     25005.00000	      3.29116e-04	
     25032.90000	      1.46198e-03	
     25060.70000	      4.10922e-03	
     25088.70000	      1.49339e-03	
     25116.70000	      3.48847e-03	
     25144.70000	      1.25422e-04	
     25172.90000	      1.30220e-03	
     25201.10000	      5.87474e-03	
     25229.30000	     -8.40714e-04	
     25257.70000	     -4.10329e-03	
     25286.10000	     -3.16305e-03	
     25314.60000	     -6.49513e-03	
     25343.30000	      1.01357e-03	
     25372.00000	      2.86373e-03	
     25400.80000	     -4.62466e-03	
     25429.70000	      1.33681e-03	
     25458.80000	      5.98807e-03	
     25488.00000	     -4.28683e-03	
     25517.20000	      5.36698e-03	
     25546.70000	      4.22188e-03	
     25576.20000	      5.43591e-03	
     25605.90000	      1.37050e-02	
     25635.80000	     -4.16809e-03	
     25665.70000	     -2.56870e-03	
#time:0.015877
