# Wavelength_(Angstrom)	Flux_(cgs)
6563.33	0.0126624
6585.23	0.00845554
6607.06	0.0123976
6628.8	0.00484189
6650.48	0.00930148
6672.11	0.0234201
6693.69	0.00477275
6715.23	0.0112788
6736.74	0.0148737
6758.22	0.00560781
6779.7	-0.00269853
6801.17	0.00196731
6822.63	-0.00208528
6844.11	0.00100197
6865.61	0.00208364
6887.13	0.0121192
6908.68	0.00101796
6930.27	-0.00748999
6951.9	0.00108937
6973.59	0.00387878
6995.33	0.00743155
7017.13	-0.00195196
7039.0	-0.00224061
7060.95	0.00845537
7082.98	0.00718146
7105.09	0.00640516
7127.29	0.00555324
7149.59	0.00783187
7172.0	0.000628675
7194.5	-0.000891821
7217.12	0.00224066
7239.85	-0.000257631
7262.71	-0.00226701
7285.68	0.00195967
7308.79	0.00148006
7332.02	0.000864307
7355.39	0.0015621
7378.9	-0.000855615
7402.55	-0.00347525
7426.35	-0.00304494
7450.3	-0.00213932
7474.4	0.00301221
7498.66	0.000229911
7523.07	0.00298473
7547.65	-0.00243247
7572.39	-7.89551e-05
7597.3	0.000413637
7622.37	0.00176858
7647.62	-0.00472974
7673.04	0.00258285
7698.63	0.00219853
7724.4	-0.00227005
7750.36	-0.00244038
7776.49	-0.000523054
7802.8	-0.00178338
7829.3	-0.000723242
7855.99	-0.000263196
7882.86	-0.00348809
7909.92	0.00231857
7937.17	-0.000666575
7964.61	0.000635425
7992.25	0.00189576
8020.07	0.000488428
8048.09	0.000431782
8076.3	0.000491705
8104.71	9.28287e-05
8133.31	-0.00235992
8162.11	-0.000976523
8191.11	-0.00215903
8220.3	0.00149948
8249.69	-0.00225337
8279.27	0.00105095
8309.06	0.000258276
8339.04	0.000289068
8369.21	0.00196897
8399.59	0.00237693
8430.16	0.000922679
8460.93	0.00358952
8491.89	0.00454829
8523.05	0.00312724
8554.4	0.00192121
8585.95	0.00480563
8617.7	0.00309032
8649.64	0.00265328
8681.77	0.00695475
8714.09	0.00486336
8746.61	0.00377932
8779.32	0.00556112
8812.21	0.00800395
8845.3	0.00742158
8878.57	0.00789394
8912.04	0.00755691
8945.68	0.00837643
8979.52	0.0106726
9013.53	0.0103411
9047.73	0.0100525
9082.11	0.0111292
9116.67	0.0121065
9151.41	0.0129288
9186.33	0.0143232
9221.42	0.0143098
9256.69	0.0151694
9292.13	0.0134024
9327.74	0.0147644
9363.52	0.0164389
9399.47	0.0183882
9435.59	0.0194546
9471.87	0.0204782
9508.32	0.0225165
9544.93	0.0221075
9581.7	0.0211796
9618.62	0.0242721
9655.71	0.0258127
9692.95	0.0277296
9730.34	0.028934
9767.88	0.0311503
9805.58	0.032055
9843.42	0.0341083
9881.4	0.0321215
9919.53	0.0319984
9957.81	0.0301513
9996.22	0.0308682
10034.8	0.0335047
10073.5	0.0351475
10112.3	0.0367526
10151.2	0.0376749
10190.3	0.041725
10229.5	0.0450953
10268.9	0.046113
10308.3	0.0483575
10347.9	0.0513328
10387.6	0.0543996
10427.4	0.055247
10467.4	0.0586054
10507.4	0.0616011
10547.6	0.0613135
10587.9	0.0617936
10628.3	0.0640496
10668.7	0.0659758
10709.3	0.0687754
10750.0	0.0687446
10790.8	0.0720341
10831.7	0.0724582
10872.7	0.0703549
10913.8	0.0665603
10954.9	0.058889
10996.2	0.0555187
11037.5	0.0500654
11078.9	0.0456088
11120.5	0.0403842
11162.0	0.0389205
11203.7	0.0397833
11245.5	0.0412925
11287.3	0.0416154
11329.2	0.0383483
11371.1	0.0363503
11413.1	0.035468
11455.2	0.038143
11497.4	0.0394368
11539.6	0.0406291
11581.9	0.0376104
11624.2	0.0359867
11666.6	0.0357655
11709.1	0.0339351
11751.6	0.0352079
11794.1	0.0402514
11836.7	0.0452356
11879.3	0.0510547
11922.0	0.0549646
11964.7	0.0577215
12007.5	0.0620093
12050.3	0.0643277
12093.1	0.0686872
12136.0	0.0739394
12178.9	0.0781709
12221.8	0.081637
12264.8	0.0834032
12307.8	0.0849183
12350.8	0.0854576
12393.9	0.0857497
12436.9	0.0861428
12480.0	0.087324
12523.1	0.0899659
12566.2	0.0947105
12609.3	0.0999137
12652.5	0.103849
12695.6	0.103759
12738.8	0.106543
12781.9	0.102076
12825.1	0.0996747
12868.3	0.0988617
12911.5	0.0980625
12954.7	0.096718
12997.8	0.0958313
13041.0	0.0945143
13084.2	0.0918887
13127.4	0.0888774
13170.5	0.0847564
13213.7	0.0804006
13256.8	0.0673496
13300.0	0.0493092
13343.1	0.0319245
13386.2	0.0181505
13429.3	0.0118617
13472.4	0.00898038
13515.4	0.00784795
13558.5	0.00727063
13601.5	0.00726602
13644.5	0.00573306
13687.4	0.00733459
13730.4	0.010678
13773.3	0.0127498
13816.2	0.0129799
13859.1	0.0100878
13901.9	0.00942542
13944.7	0.0105122
13987.5	0.00773818
14030.3	0.0102778
14073.0	0.00837536
14115.6	0.0109502
14158.3	0.00915465
14200.9	0.00757739
14243.5	0.00811097
14286.0	0.00807553
14328.5	0.00829716
14370.9	0.00838153
14413.3	0.0101014
14455.7	0.0103225
14498.0	0.0124391
14540.3	0.0129556
14582.5	0.0147917
14624.7	0.0148319
14666.8	0.0158181
14708.9	0.0151617
14750.9	0.0175643
14792.9	0.0159701
14834.9	0.0181573
14876.8	0.0203576
14918.6	0.0213745
14960.4	0.0226944
15002.1	0.0226557
15043.8	0.0255082
15085.4	0.0254235
15127.0	0.0287227
15168.5	0.0309808
15210.0	0.0325501
15251.4	0.0358648
15292.7	0.0385735
15334.0	0.0410323
15375.2	0.0419596
15416.4	0.0463518
15457.5	0.0480273
15498.6	0.0501299
15539.6	0.0540106
15580.5	0.0548573
15621.4	0.0561455
15662.2	0.0574084
15702.9	0.0599698
15743.6	0.0623605
15784.3	0.0645068
15824.8	0.0637839
15865.3	0.0638096
15905.8	0.0625964
15946.1	0.0635878
15986.4	0.0616956
16026.7	0.059567
16066.9	0.0547282
16107.0	0.0501736
16147.1	0.0456458
16187.0	0.0416723
16227.0	0.0378876
16266.8	0.038751
16306.6	0.0338546
16346.4	0.0342036
16386.0	0.0345756
16425.6	0.0353825
16465.2	0.0374042
16504.6	0.0386
16544.0	0.0403949
16583.4	0.0403397
16622.7	0.0378011
16661.9	0.0334144
16701.0	0.0298504
16740.1	0.0284054
16779.1	0.0294937
16818.0	0.0317608
16856.9	0.0326767
16895.7	0.0335787
16934.5	0.0328348
16973.2	0.0315621
17011.8	0.032068
17050.3	0.0298004
17088.8	0.0300536
17127.2	0.029163
17165.6	0.0306326
17203.9	0.0302893
17242.1	0.0308052
17280.3	0.0297957
17318.4	0.0271927
17356.4	0.0244911
17394.4	0.0247096
17432.3	0.0231045
17470.1	0.021784
17507.9	0.0211524
17545.6	0.0194751
17583.3	0.0192818
17620.9	0.0186354
17658.4	0.0177293
17695.9	0.0167059
17733.3	0.0153216
17770.6	0.0146871
17807.9	0.0134245
17845.1	0.0125545
17882.3	0.0136927
17919.3	0.0115837
17956.4	0.0130269
17993.3	0.0110237
18030.3	0.0109104
18067.1	0.0123783
18103.9	0.0106557
18140.6	0.012703
18177.3	0.0134036
18213.9	0.0124663
18250.5	0.0124289
18287.0	0.0132226
18323.4	0.0123208
18359.8	0.0119175
18396.1	0.0131933
18432.4	0.0121291
18468.6	0.0127311
18504.7	0.0106624
18540.8	0.0112425
18576.8	0.00726331
18612.8	0.00891333
18648.7	0.0091962
18684.6	0.00855457
18720.4	0.00971725
18756.2	0.0111638
18791.9	0.0123396
18827.5	0.014038
18863.1	0.012939
18898.7	0.0123439
18934.1	0.0141128
18969.6	0.0173291
19005.0	0.0149642
19040.3	0.0160759
19075.6	0.0166354
19110.8	0.0177506
19146.0	0.0181433
19181.1	0.0166093
19216.1	0.016466
19251.2	0.014451
19286.1	0.01201
19321.0	0.0108328
19355.9	0.0116356
19390.7	0.0100724
19425.5	0.00966887
19460.2	0.00979318
19494.9	0.0100658
19529.5	0.0107028
19564.0	0.0103921
19598.5	0.0102814
19633.0	0.0102969
19667.4	0.0106958
19701.8	0.0110051
19736.1	0.0109214
19770.4	0.0105089
19804.6	0.0108337
19838.8	0.0124591
19872.9	0.0116141
19907.0	0.0125656
19941.1	0.0119909
19975.1	0.0134515
20009.0	0.0147634
20042.9	0.014131
20076.7	0.0147465
20110.5	0.0152047
20144.3	0.0144509
20178.0	0.0165716
20211.7	0.0167546
20245.3	0.0171433
20278.9	0.0181514
20312.4	0.0178152
20345.9	0.0183511
20379.3	0.0194611
20412.7	0.0210521
20446.1	0.0212135
20479.4	0.0217751
20512.6	0.0216332
20545.8	0.0226024
20579.0	0.0224281
20612.1	0.0232209
20645.2	0.023308
20678.2	0.024019
20711.2	0.0240755
20744.1	0.0233877
20777.0	0.0232959
20809.9	0.0244317
20842.7	0.0245037
20875.5	0.0242382
20908.2	0.0238359
20940.8	0.0242065
20973.5	0.0238776
21006.0	0.0241745
21038.6	0.0237381
21071.1	0.0244828
21103.5	0.0239382
21135.9	0.024031
21168.2	0.0239969
21200.5	0.0237372
21232.8	0.0228758
21265.0	0.0222545
21297.2	0.0223916
21329.3	0.0228186
21361.4	0.0221661
21393.4	0.021695
21425.4	0.0211708
21457.3	0.0208531
21489.2	0.0221128
21521.0	0.0203072
21552.8	0.0195083
21584.6	0.0188786
21616.3	0.0183836
21647.9	0.0182701
21679.5	0.0187988
21711.1	0.0176188
21742.6	0.0172656
21774.1	0.0169855
21805.5	0.0160226
21836.9	0.0151965
21868.2	0.0149915
21899.4	0.0140376
21930.7	0.0131536
21961.8	0.0122824
21993.0	0.00965853
22024.0	0.00969397
22055.1	0.00705172
22086.0	0.00759266
22117.0	0.00722044
22147.8	0.00765061
22178.7	0.00820238
22209.4	0.00827397
22240.2	0.00779031
22270.8	0.00816592
22301.5	0.00825163
22332.0	0.00751971
22362.5	0.00757289
22393.0	0.006471
22423.4	0.00661334
22453.8	0.00664734
22484.1	0.00661493
22514.4	0.00658714
22544.6	0.00626493
22574.8	0.00548818
22604.9	0.00656432
22634.9	0.0052804
22665.0	0.00605169
22694.9	0.00497542
22724.8	0.00574933
22754.7	0.005908
22784.5	0.00529047
22814.2	0.00524786
22843.9	0.00474746
22873.6	0.00487874
22903.2	0.00448603
22932.7	0.00394493
22962.2	0.00391574
22991.6	0.00423778
23021.0	0.00443107
23050.3	0.00411851
23079.6	0.00520324
23108.9	0.00528669
23138.0	0.00532639
23167.2	0.00467998
23196.2	0.00306782
23225.3	0.00299875
23254.3	0.0031163
23283.2	0.00322153
23312.1	0.00377
23340.9	0.00334531
23369.7	0.00237424
23398.4	0.00376642
23427.1	0.00364381
23455.7	0.00373801
23484.3	0.00407947
23512.8	0.00307639
23541.3	0.00296307
23569.8	0.0040126
23598.2	0.00468731
23626.5	0.0043942
23654.8	0.00402449
23683.1	0.00526333
23711.3	0.00401517
23739.5	0.00423491
23767.6	0.00287638
23795.7	0.0036058
23823.8	0.00290388
23851.8	0.00334689
23879.8	0.00414731
23907.7	0.00550746
23935.6	0.00448118
23963.5	0.00429886
23991.3	0.0038166
24019.1	0.00477258
24046.9	0.00460127
24074.6	0.00505031
24102.3	0.00518077
24130.0	0.00599063
24157.6	0.00701081
24185.3	0.00540108
24212.9	0.00610761
24240.4	0.004717
24268.0	0.00598521
24295.5	0.00683738
24323.0	0.00563618
24350.5	0.00635781
24378.0	0.00609899
24405.5	0.00522242
24432.9	0.00404864
24460.4	0.00667577
24487.8	0.00522726
24515.3	0.00737221
24542.7	0.00586328
24570.2	0.00562437
24597.6	0.00646839
24625.0	0.00600594
24652.5	0.00557692
24679.9	0.00428114
24707.4	0.00369612
24734.9	0.00569369
24762.4	0.00555581
24789.9	0.00462141
24817.5	0.00594457
24845.0	0.00479681
24872.6	0.00638714
24900.3	0.00725401
24927.9	0.00385363
24955.6	0.00740508
24983.4	0.00680467
25011.2	0.00993857
25039.0	0.0066722
25066.9	0.00448661
25094.8	0.00714916
25122.8	0.00775931
25150.9	0.00634644
25179.1	0.00178936
25207.3	0.00635979
25235.6	0.00555825
25263.9	0.012493
25292.4	0.0160142
25320.9	0.00675242
25349.6	0.0129253
25378.3	0.0106016
25407.2	-0.00302124
25436.1	0.0134953
25465.2	0.0168302
25494.4	0.00369258
25523.7	0.00695474
25553.1	0.0215603
25582.7	-0.00656703
33682.0	0.004162344010784162
46179.0	0.0045840006012695025
53650.0	0.0
