# Wavelength_(Angstrom)	Flux_(cgs)
6572.1	0.00642763
6593.97	0.0128206
6615.76	0.000598056
6637.48	-0.0202936
6659.14	0.000471256
6680.74	0.0166306
6702.3	0.00444421
6723.83	0.0124432
6745.33	-0.000189118
6766.81	0.00379494
6788.28	-0.000711885
6809.75	0.0055369
6831.22	0.0110319
6852.71	-0.000347386
6874.21	0.00511898
6895.74	-0.0114237
6917.31	0.00263418
6938.91	0.00684742
6960.56	0.00559439
6982.27	-0.0101062
7004.03	0.00689212
7025.86	0.00653962
7047.77	0.0119377
7069.75	0.000928231
7091.81	0.017243
7113.96	-0.0031636
7136.2	0.00729134
7158.54	0.00519845
7180.98	0.00670297
7203.53	0.010099
7226.19	-0.00685996
7248.98	-0.00163415
7271.88	-0.00548308
7294.9	0.00387728
7318.06	0.0059942
7341.35	-0.00118515
7364.77	0.000583165
7388.34	0.00210089
7412.05	0.00414978
7435.91	-0.000505968
7459.92	0.00330571
7484.08	0.000582242
7508.4	0.00236786
7532.88	-0.00250542
7557.52	0.000318511
7582.33	-0.0125632
7607.3	-0.00653545
7632.44	-0.00805591
7657.76	-0.000534109
7683.25	0.000588568
7708.91	-0.00164818
7734.76	-0.000887356
7760.78	0.000949025
7786.99	-0.00633262
7813.37	-0.000139378
7839.95	-0.00298327
7866.71	0.00274552
7893.66	0.000544258
7920.79	-0.00170722
7948.12	0.00130903
7975.64	-0.000596027
8003.35	0.00242753
8031.25	-0.00259456
8059.35	0.000850688
8087.64	-0.00229613
8116.12	0.00132794
8144.8	0.00194138
8173.68	0.0021843
8202.75	0.000386542
8232.02	0.00144971
8261.49	0.0012141
8291.16	0.00209456
8321.02	0.00323447
8351.08	0.000885909
8381.33	0.00159347
8411.79	0.00137254
8442.44	0.00388832
8473.28	0.00326083
8504.32	0.00192407
8535.56	0.00149532
8566.99	0.00516297
8598.62	0.00387776
8630.45	0.00223794
8662.46	0.00446844
8694.67	0.00488266
8727.07	0.00627795
8759.66	0.00461534
8792.45	0.0100599
8825.42	0.00659601
8858.58	0.00593722
8891.93	0.00744674
8925.47	0.00360076
8959.19	0.00933681
8993.09	0.00883397
9027.18	0.00466588
9061.45	0.0106011
9095.91	0.0104471
9130.54	0.0104544
9165.35	0.0109514
9200.34	0.0123522
9235.5	0.0116041
9270.83	0.0100624
9306.34	0.00741715
9342.02	0.00655994
9377.87	0.00783626
9413.89	0.0109121
9450.07	0.011142
9486.42	0.0108575
9522.93	0.0112139
9559.61	0.012242
9596.44	0.0138904
9633.43	0.013221
9670.58	0.0162529
9707.88	0.0193806
9745.33	0.0212708
9782.93	0.0232948
9820.69	0.0229417
9858.59	0.0257853
9896.63	0.0259485
9934.82	0.0239781
9973.15	0.0277343
10011.6	0.0321674
10050.2	0.0298395
10089.0	0.0326157
10127.8	0.0358889
10166.8	0.0400143
10206.0	0.0399797
10245.2	0.0413594
10284.6	0.0434991
10324.1	0.0476535
10363.8	0.0500394
10403.5	0.0512818
10443.4	0.0556078
10483.4	0.0571064
10523.5	0.058605
10563.7	0.0616753
10604.0	0.0623067
10644.4	0.0632532
10685.0	0.0675143
10725.6	0.0688674
10766.3	0.0703032
10807.1	0.0710965
10848.1	0.0712888
10889.1	0.0704843
10930.2	0.0613542
10971.4	0.0509063
11012.7	0.0423772
11054.1	0.0329787
11095.5	0.0281927
11137.1	0.0227534
11178.7	0.0189258
11220.4	0.0175703
11262.2	0.0181268
11304.0	0.0176342
11345.9	0.0178913
11387.9	0.0174931
11430.0	0.015378
11472.1	0.0178034
11514.3	0.015776
11556.5	0.0159526
11598.8	0.016358
11641.2	0.0155839
11683.6	0.0152899
11726.0	0.0179941
11768.6	0.0193633
11811.1	0.0231876
11853.7	0.0280135
11896.4	0.03235
11939.1	0.0366632
11981.8	0.0418227
12024.6	0.0455185
12067.4	0.05003
12110.3	0.0550385
12153.2	0.060024
12196.1	0.0654917
12239.0	0.0702763
12282.0	0.073857
12325.0	0.0776883
12368.0	0.0800588
12411.1	0.0817074
12454.1	0.0850322
12497.2	0.0886214
12540.3	0.0927187
12583.4	0.0988196
12626.6	0.105492
12669.7	0.107882
12712.9	0.106744
12756.0	0.108177
12799.2	0.103358
12842.4	0.0995315
12885.6	0.0953629
12928.7	0.0925613
12971.9	0.0893537
13015.1	0.0841951
13058.3	0.0816095
13101.4	0.076095
13144.6	0.0703077
13187.8	0.0639032
13230.9	0.0547704
13274.1	0.04196
13317.2	0.0256047
13360.3	0.0135859
13403.4	0.00596778
13446.5	0.00371242
13489.6	0.00288888
13532.6	0.00292012
13575.7	0.00484512
13618.7	-0.000181523
13661.7	0.00236405
13704.6	0.00188734
13747.6	0.00326574
13790.5	0.00799748
13833.4	0.00433882
13876.2	0.00164889
13919.0	0.00136436
13961.8	0.00155459
14004.6	0.00186044
14047.3	0.00112517
14090.0	0.00307798
14132.7	0.00204471
14175.3	0.000938004
14217.9	0.00207942
14260.5	0.00193841
14303.0	0.00170678
14345.4	0.00254884
14387.9	0.00369289
14430.3	0.00323698
14472.6	0.00453051
14514.9	0.0054171
14557.2	0.00543722
14599.4	0.00623188
14641.5	0.00694816
14683.6	0.00717927
14725.7	0.00690795
14767.7	0.00765057
14809.7	0.00907931
14851.6	0.00852331
14893.5	0.00967355
14935.3	0.0112275
14977.1	0.0123749
15018.8	0.0128945
15060.4	0.0133348
15102.0	0.01583
15143.6	0.0173306
15185.1	0.0196164
15226.5	0.0216988
15267.9	0.023802
15309.2	0.0267867
15350.5	0.0284231
15391.7	0.0306895
15432.8	0.0328858
15473.9	0.0352954
15515.0	0.0372402
15555.9	0.0396335
15596.8	0.0421946
15637.7	0.0429627
15678.5	0.0457513
15719.2	0.0469324
15759.9	0.0487077
15800.5	0.0499856
15841.0	0.049258
15881.5	0.04721
15921.9	0.0469262
15962.3	0.0445122
16002.5	0.0410537
16042.8	0.036123
16082.9	0.0301789
16123.0	0.0255899
16163.0	0.0203475
16203.0	0.0173672
16242.9	0.0150414
16282.8	0.0132664
16322.5	0.0126472
16362.2	0.0128645
16401.9	0.0130037
16441.4	0.0144766
16481.0	0.0154456
16520.4	0.0167193
16559.8	0.0163378
16599.1	0.0170849
16638.3	0.0142122
16677.5	0.0114464
16716.6	0.00966417
16755.7	0.00981042
16794.7	0.0107735
16833.6	0.0129723
16872.4	0.0149625
16911.2	0.0138938
16950.0	0.0126455
16988.6	0.0109407
17027.2	0.0104035
17065.7	0.0100132
17104.2	0.0106272
17142.6	0.0106946
17180.9	0.0121556
17219.2	0.0131464
17257.4	0.0125059
17295.5	0.0122757
17333.6	0.0109931
17371.6	0.0104069
17409.6	0.00980633
17447.4	0.0094599
17485.3	0.0094138
17523.0	0.0081982
17560.7	0.00813361
17598.3	0.00803195
17635.9	0.00849561
17673.4	0.00639488
17710.8	0.0059984
17748.2	0.00549844
17785.5	0.00586017
17822.8	0.00566451
17860.0	0.00536961
17897.1	0.00420721
17934.2	0.00397102
17971.2	0.00327752
18008.1	0.00523715
18045.0	0.00330915
18081.8	0.00302614
18118.6	0.00428896
18155.3	0.00508658
18191.9	0.00333483
18228.5	0.00578165
18265.1	0.00496542
18301.5	0.00757423
18337.9	0.00732309
18374.3	0.00392865
18410.6	0.00403543
18446.8	0.004643
18483.0	0.00379112
18519.1	0.00638038
18555.2	0.00441693
18591.2	0.00289056
18627.2	0.00085979
18663.1	0.00381402
18698.9	0.0069073
18734.7	0.00572067
18770.5	0.0031165
18806.1	0.00637547
18841.8	0.00537597
18877.3	0.00409126
18912.9	0.0062212
18948.3	0.0080352
18983.7	0.0082824
19019.1	0.00840933
19054.4	0.00792017
19089.6	0.00693633
19124.8	0.00508463
19160.0	0.0061367
19195.1	0.0075805
19230.1	0.00641529
19265.1	0.00489257
19300.1	0.00453773
19335.0	0.00261735
19369.8	0.00317455
19404.6	0.0036194
19439.4	0.00359061
19474.1	0.00310689
19508.7	0.00390441
19543.3	0.00340767
19577.8	0.00363233
19612.3	0.00289412
19646.8	0.00409235
19681.2	0.00375
19715.5	0.00588133
19749.8	0.00556027
19784.1	0.00610232
19818.3	0.00591343
19852.5	0.00581798
19886.6	0.00658483
19920.6	0.00618407
19954.7	0.00702973
19988.6	0.00750733
20022.6	0.00825625
20056.4	0.00780658
20090.3	0.00673312
20124.1	0.00878356
20157.8	0.00830968
20191.5	0.00904984
20225.1	0.00975453
20258.7	0.0101539
20292.3	0.0100804
20325.8	0.0110056
20359.3	0.0121588
20392.7	0.0120958
20426.1	0.0115883
20459.4	0.0131895
20492.7	0.0129311
20525.9	0.0144189
20559.1	0.0125054
20592.2	0.013657
20625.3	0.0143615
20658.4	0.0146675
20691.4	0.0141727
20724.4	0.0137903
20757.3	0.013985
20790.2	0.0143057
20823.0	0.0151745
20855.8	0.0146423
20888.5	0.0152941
20921.2	0.0142313
20953.9	0.0146646
20986.5	0.0141764
21019.0	0.0136864
21051.6	0.0140249
21084.0	0.013477
21116.4	0.013453
21148.8	0.0135778
21181.2	0.0132552
21213.4	0.0124048
21245.7	0.0127113
21277.9	0.0121934
21310.0	0.0116127
21342.1	0.011741
21374.2	0.0118703
21406.2	0.011684
21438.2	0.0108344
21470.1	0.0110925
21501.9	0.0110387
21533.8	0.00958807
21565.5	0.00949768
21597.3	0.00924725
21628.9	0.00818636
21660.6	0.00865195
21692.2	0.00861455
21723.7	0.00787771
21755.2	0.00726513
21786.6	0.00761645
21818.0	0.007124
21849.4	0.00731948
21880.7	0.0057517
21911.9	0.00548713
21943.1	0.00456626
21974.3	0.00387403
22005.4	0.00243138
22036.4	0.00163753
22067.4	0.00212352
22098.4	0.00195612
22129.3	0.00211483
22160.2	0.00256384
22191.0	0.00260654
22221.7	0.00250244
22252.4	0.00267332
22283.1	0.00292591
22313.7	0.00272674
22344.2	0.00136195
22374.7	0.00216342
22405.2	0.00242021
22435.6	0.00138842
22465.9	0.00154027
22496.2	0.0017017
22526.5	0.00122835
22556.7	0.000802493
22586.8	0.000949552
22616.9	0.0011626
22647.0	0.00166583
22676.9	0.00117163
22706.9	0.0011194
22736.8	0.00141263
22766.6	0.00191149
22796.4	0.00178407
22826.1	0.00226161
22855.8	0.00142095
22885.4	0.00184066
22915.0	0.000955082
22944.5	0.000922166
22974.0	0.00183925
23003.4	0.00132254
23032.7	0.00121041
23062.1	0.00135028
23091.3	0.00131975
23120.5	0.00206363
23149.7	0.00240979
23178.8	0.00143618
23207.9	0.00120407
23236.9	0.000623037
23265.8	0.000590713
23294.7	0.000524055
23323.6	2.48244e-05
23352.4	0.000613474
23381.2	0.00151533
23409.9	0.000453247
23438.5	0.000697645
23467.1	0.000467188
23495.7	0.000795185
23524.2	0.00147367
23552.7	0.00172253
23581.1	0.000942611
23609.5	0.000721084
23637.8	0.000765095
23666.1	0.00229816
23694.4	0.00066606
23722.6	0.000722471
23750.7	-0.000368689
23778.9	0.00185828
23806.9	0.000754269
23835.0	0.00162391
23863.0	0.00196489
23890.9	0.000854984
23918.9	0.0018676
23946.7	0.00166026
23974.6	0.000659432
24002.4	0.00180316
24030.2	0.00147028
24058.0	0.00155485
24085.7	0.00229653
24113.4	0.000879592
24141.0	0.00172168
24168.7	0.00117649
24196.3	0.0017841
24223.9	0.00163759
24251.4	0.00202183
24279.0	0.00147985
24306.5	0.00231105
24334.0	0.000664646
24361.5	0.000523446
24389.0	0.00294352
24416.5	0.00312206
24443.9	0.00395584
24471.4	0.00361546
24498.8	0.00265369
24526.2	0.00291477
24553.7	0.00216707
24581.1	0.00248196
24608.6	0.00136809
24636.0	0.00129904
24663.5	0.0026625
24690.9	0.00214846
24718.4	0.00327826
24745.9	0.00401658
24773.4	0.00252993
24800.9	0.00209432
24828.5	0.00186364
24856.1	0.00140054
24883.7	0.00411321
24911.3	0.00185175
24939.0	-0.00023941
24966.7	-0.000738268
24994.5	0.00541305
25022.3	-0.000105973
25050.1	0.00200957
25078.1	0.00209527
25106.0	0.0022432
25134.1	0.00285772
25162.2	0.000700106
25190.3	-0.00300342
25218.6	-0.00364339
25246.9	0.00249785
25275.3	0.00099061
25303.8	-0.0129226
25332.4	0.009181
25361.1	0.0178489
25389.8	-0.000826057
25418.7	-0.0106518
25447.7	-0.00622969
25476.8	0.044793
25506.1	0.0394498
25535.5	-0.00948138
25565.0	-0.0102376
25594.6	0.0219319
25624.4	0.000915364
25654.3	-0.0130041
25684.4	-0.0347691
33682.0	0.0020762965050933934
46179.0	0.003937277887760136
53650.0	0.0
