# Wavelength_(Angstrom)	Flux_(cgs)
6580.98	0.0092814
6602.82	0.0207671
6624.58	-0.0164273
6646.27	0.0191399
6667.91	-0.0181069
6689.5	-0.000317067
6711.04	0.000536354
6732.56	0.00385326
6754.05	0.00240448
6775.52	-0.00440838
6796.99	0.00331209
6818.46	-0.00288618
6839.94	-0.0072909
6861.43	0.00713172
6882.94	-0.0028803
6904.49	0.00619441
6926.07	-0.0195803
6947.69	0.00768645
6969.37	-0.0141123
6991.09	-0.00870669
7012.89	-0.0109911
7034.74	-0.000254418
7056.68	-0.0111665
7078.69	0.00406801
7100.78	-0.00390208
7122.97	0.00520372
7145.25	0.00176058
7167.63	0.0082163
7190.12	-0.0067048
7212.72	-0.0146408
7235.43	0.00031219
7258.25	3.4335e-05
7281.21	-0.00583461
7304.28	0.00171655
7327.49	-0.00560867
7350.84	0.00594366
7374.32	0.000544753
7397.95	-0.000736097
7421.72	-0.00570786
7445.63	0.00275227
7469.71	0.00453281
7493.93	0.00152102
7518.32	0.00367726
7542.86	-0.000735133
7567.57	-0.000578864
7592.44	0.000788336
7617.48	-0.00017425
7642.7	-0.00618127
7668.08	-0.00768163
7693.64	-0.00738881
7719.38	-0.000970737
7745.3	0.000471695
7771.39	-0.000842852
7797.67	0.000763157
7824.14	0.000821925
7850.79	0.000898593
7877.62	0.00522572
7904.65	0.00126148
7931.86	0.000654244
7959.26	0.00277767
7986.86	-0.00024473
8014.65	0.0053572
8042.63	0.00707446
8070.8	0.00336565
8099.17	0.0097781
8127.74	0.00770539
8156.5	-0.00630568
8185.46	0.00106734
8214.61	0.00426327
8243.96	0.00340456
8273.51	0.00356537
8303.25	0.00699239
8333.19	0.0019353
8363.33	0.000578792
8393.67	0.00429879
8424.2	0.00728926
8454.93	0.00258065
8485.85	0.00402843
8516.98	0.0034378
8548.29	0.00761607
8579.81	0.00853297
8611.51	0.00698742
8643.41	0.00694956
8675.51	0.00591427
8707.8	0.00952965
8740.27	0.00593725
8772.94	0.0121008
8805.8	0.0081805
8838.85	0.011533
8872.09	0.0131342
8905.52	0.0146893
8939.13	0.0109509
8972.92	0.0106416
9006.91	0.0138307
9041.07	0.0162544
9075.41	0.0197618
9109.94	0.0171707
9144.64	0.0189312
9179.53	0.0252622
9214.58	0.0216723
9249.82	0.0214507
9285.22	0.0173906
9320.8	0.0175633
9356.55	0.0184248
9392.47	0.0246446
9428.55	0.0260579
9464.81	0.0276104
9501.22	0.027967
9537.8	0.0304358
9574.53	0.0318275
9611.43	0.0312251
9648.49	0.0303629
9685.69	0.0328843
9723.06	0.0362285
9760.57	0.0371839
9798.24	0.0390391
9836.05	0.0394003
9874.01	0.0400276
9912.11	0.0401072
9950.36	0.0381846
9988.74	0.0399635
10027.3	0.0398232
10065.9	0.0441854
10104.7	0.0485927
10143.7	0.0513649
10182.7	0.0480597
10221.9	0.0529299
10261.2	0.0537254
10300.7	0.0570561
10340.2	0.0605561
10379.9	0.0638325
10419.7	0.0624631
10459.6	0.0644332
10499.6	0.0688293
10539.8	0.0712701
10580.0	0.0690869
10620.4	0.0733295
10660.9	0.0738996
10701.4	0.0770202
10742.1	0.0797072
10782.9	0.077645
10823.7	0.0796499
10864.7	0.078111
10905.8	0.0710522
10946.9	0.0655331
10988.2	0.0590495
11029.5	0.0559145
11070.9	0.0507512
11112.4	0.045389
11154.0	0.0427116
11195.6	0.0415383
11237.3	0.0437158
11279.1	0.0443541
11321.0	0.0449786
11363.0	0.0388368
11405.0	0.0391699
11447.0	0.0412915
11489.2	0.0433681
11531.4	0.0434058
11573.7	0.0443831
11616.0	0.0430593
11658.4	0.0394634
11700.8	0.0385305
11743.3	0.040671
11785.8	0.0445529
11828.4	0.0485187
11871.0	0.0547922
11913.7	0.0587924
11956.4	0.0605816
11999.2	0.0632118
12042.0	0.0675999
12084.8	0.0702267
12127.7	0.0755357
12170.6	0.0777505
12213.5	0.0821216
12256.5	0.0851785
12299.4	0.0878898
12342.5	0.0888624
12385.5	0.0892577
12428.5	0.0878712
12471.6	0.0895081
12514.7	0.0919832
12557.8	0.0953007
12600.9	0.0988957
12644.1	0.102476
12687.2	0.103501
12730.4	0.105221
12773.6	0.106315
12816.7	0.0997904
12859.9	0.100963
12903.1	0.0983438
12946.3	0.0948711
12989.4	0.0943237
13032.6	0.0906125
13075.8	0.090913
13119.0	0.0861053
13162.1	0.0808561
13205.3	0.0781946
13248.4	0.0706496
13291.6	0.0599355
13334.7	0.0424406
13377.8	0.0276201
13420.9	0.0183025
13464.0	0.0143679
13507.0	0.0122757
13550.1	0.0124048
13593.1	0.0114565
13636.1	0.0145229
13679.1	0.0120756
13722.0	0.0118123
13765.0	0.0150295
13807.9	0.0144415
13850.8	0.0129959
13893.6	0.0112826
13936.4	0.0117153
13979.2	0.0136314
14021.9	0.0124972
14064.7	0.0125811
14107.3	0.0110082
14150.0	0.00921251
14192.6	0.00858152
14235.2	0.0119474
14277.7	0.0126874
14320.2	0.0127151
14362.7	0.0120021
14405.1	0.013998
14447.4	0.0171
14489.8	0.0154085
14532.1	0.018345
14574.3	0.017581
14616.5	0.0230706
14658.6	0.0208725
14700.7	0.0206787
14742.8	0.0198615
14784.8	0.0238439
14826.7	0.0254777
14868.6	0.0215995
14910.5	0.0276052
14952.3	0.0283516
14994.0	0.0298321
15035.7	0.0287273
15077.3	0.0330005
15118.9	0.0336303
15160.4	0.0376274
15201.9	0.0393092
15243.3	0.0402795
15284.7	0.0440817
15326.0	0.0476489
15367.2	0.0502455
15408.4	0.0499655
15449.5	0.0539022
15490.6	0.0537793
15531.6	0.0605972
15572.5	0.0596472
15613.4	0.0592254
15654.3	0.0599282
15695.0	0.0662163
15735.7	0.0648223
15776.4	0.0662896
15816.9	0.0675576
15857.4	0.0705265
15897.9	0.0681163
15938.3	0.0682407
15978.6	0.0690778
16018.9	0.064554
16059.1	0.0630826
16099.2	0.0591027
16139.3	0.0544842
16179.3	0.0559613
16219.2	0.0510847
16259.1	0.0494729
16298.9	0.0481904
16338.6	0.0471142
16378.3	0.0461361
16417.9	0.0461645
16457.5	0.0461164
16497.0	0.0483794
16536.4	0.0505897
16575.7	0.0513761
16615.0	0.0500521
16654.2	0.0469725
16693.4	0.0459365
16732.5	0.0421835
16771.5	0.0392168
16810.5	0.0440477
16849.4	0.0462547
16888.2	0.0461382
16927.0	0.045562
16965.7	0.0421305
17004.3	0.0429347
17042.8	0.0427826
17081.3	0.0393933
17119.8	0.0399722
17158.2	0.0387757
17196.5	0.0387559
17234.7	0.038752
17272.9	0.0364162
17311.0	0.0362718
17349.0	0.035393
17387.0	0.0312872
17424.9	0.0310752
17462.8	0.0298248
17500.6	0.0283798
17538.3	0.027359
17576.0	0.0272129
17613.6	0.0266767
17651.1	0.0258018
17688.6	0.0230605
17726.0	0.0180739
17763.4	0.017948
17800.6	0.0197341
17837.9	0.0174555
17875.0	0.0176783
17912.1	0.0177006
17949.2	0.0148244
17986.2	0.0154709
18023.1	0.0150897
18059.9	0.0111331
18096.7	0.0135842
18133.5	0.0146705
18170.2	0.0147765
18206.8	0.0139731
18243.4	0.0137135
18279.9	0.0148811
18316.3	0.0147033
18352.7	0.0140416
18389.0	0.015073
18425.3	0.0125048
18461.5	0.0100486
18497.7	0.0103055
18533.8	0.0131577
18569.8	0.012851
18605.8	0.0123711
18641.8	0.00806831
18677.6	0.0111222
18713.5	0.0154722
18749.2	0.0156243
18784.9	0.0138605
18820.6	0.0140191
18856.2	0.0138785
18891.8	0.0109112
18927.2	0.0149942
18962.7	0.0130458
18998.1	0.015239
19033.4	0.0145595
19068.7	0.0138558
19103.9	0.0185335
19139.1	0.0172786
19174.2	0.0164858
19209.3	0.016755
19244.4	0.0183741
19279.3	0.0158894
19314.2	0.0147209
19349.1	0.0128352
19383.9	0.0132421
19418.7	0.0102225
19453.4	0.011406
19488.1	0.0113162
19522.7	0.0125671
19557.3	0.0114577
19591.8	0.0130667
19626.3	0.0126562
19660.7	0.0109088
19695.1	0.0111295
19729.5	0.0124366
19763.7	0.013418
19798.0	0.0138533
19832.2	0.0121968
19866.3	0.0146954
19900.4	0.0150654
19934.5	0.0140734
19968.5	0.016334
20002.4	0.0165074
20036.3	0.0146882
20070.2	0.0185549
20104.0	0.0176797
20137.8	0.0185631
20171.5	0.0190964
20205.1	0.0194359
20238.8	0.0178333
20272.4	0.0210161
20305.9	0.019073
20339.4	0.0201029
20372.8	0.0223014
20406.2	0.0225296
20439.6	0.0233135
20472.9	0.0245536
20506.2	0.0245516
20539.4	0.0239174
20572.6	0.0278802
20605.7	0.0241924
20638.8	0.0244593
20671.8	0.0255758
20704.8	0.0274008
20737.7	0.026844
20770.6	0.0285161
20803.5	0.0267852
20836.3	0.0262761
20869.1	0.0262636
20901.8	0.0269885
20934.5	0.0274277
20967.1	0.0274772
20999.7	0.0261837
21032.2	0.0252815
21064.7	0.0258483
21097.2	0.0259472
21129.6	0.0257856
21162.0	0.0269145
21194.3	0.0256032
21226.5	0.0269239
21258.8	0.0254438
21290.9	0.0261618
21323.1	0.025079
21355.1	0.0244495
21387.2	0.0245886
21419.2	0.0255492
21451.1	0.0237765
21483.0	0.0242632
21514.9	0.0221089
21546.7	0.0238554
21578.4	0.0232162
21610.1	0.0218602
21641.8	0.0221822
21673.4	0.0230669
21705.0	0.0218716
21736.5	0.0224627
21768.0	0.0203748
21799.4	0.0207344
21830.8	0.0206284
21862.1	0.0191043
21893.4	0.0182603
21924.6	0.0201091
21955.8	0.0187508
21986.9	0.0158475
22018.0	0.0158716
22049.0	0.0151661
22080.0	0.0138322
22110.9	0.0132448
22141.8	0.0141494
22172.7	0.0152332
22203.5	0.0151422
22234.2	0.0125713
22264.9	0.0134359
22295.5	0.0116374
22326.1	0.0123336
22356.6	0.0145512
22387.1	0.0138532
22417.5	0.01304
22447.9	0.0123581
22478.2	0.0118394
22508.5	0.0111157
22538.7	0.0127931
22568.9	0.011114
22599.0	0.0116646
22629.1	0.0119451
22659.1	0.0129517
22689.1	0.0112775
22719.0	0.0109244
22748.9	0.0104965
22778.7	0.0108231
22808.4	0.01239
22838.2	0.00883806
22867.8	0.0097512
22897.4	0.011401
22927.0	0.0096994
22956.5	0.00922943
22985.9	0.0080381
23015.3	0.00862592
23044.6	0.00815963
23073.9	0.00878944
23103.2	0.0098004
23132.4	0.00915665
23161.5	0.0093953
23190.6	0.00800866
23219.6	0.0079441
23248.6	0.00622467
23277.6	0.00780356
23306.4	0.00614658
23335.3	0.00772443
23364.1	0.00916891
23392.8	0.00811124
23421.5	0.00669634
23450.1	0.00669632
23478.7	0.00758741
23507.3	0.0076887
23535.8	0.00765918
23564.2	0.00760376
23592.6	0.00952577
23621.0	0.0081195
23649.3	0.0101053
23677.6	0.00881938
23705.8	0.0100514
23734.0	0.00406303
23762.2	0.00640153
23790.3	0.00512521
23818.3	0.00590851
23846.3	0.00826394
23874.3	0.00805854
23902.3	0.00862344
23930.2	0.00743753
23958.1	0.00691508
23985.9	0.00921349
24013.7	0.00918218
24041.5	0.0110519
24069.2	0.00856623
24096.9	0.00878896
24124.6	0.00679264
24152.3	0.00912098
24179.9	0.00962706
24207.5	0.0128086
24235.1	0.0075368
24262.6	0.00991368
24290.2	0.00775589
24317.7	0.006761
24345.2	0.00926243
24372.7	0.00783464
24400.1	0.0105577
24427.6	0.00852821
24455.1	0.00958515
24482.5	0.00882755
24509.9	0.0101153
24537.4	0.00920601
24564.8	0.00593936
24592.3	0.0114003
24619.7	0.00861493
24647.1	0.00634798
24674.6	0.00720072
24702.1	0.00424505
24729.5	0.00345023
24757.0	0.00674313
24784.6	0.00710487
24812.1	0.00978683
24839.7	0.0109857
24867.3	0.00862003
24894.9	0.00706019
24922.5	0.0075654
24950.2	0.00993169
24978.0	0.00647708
25005.7	0.00593294
25033.6	0.00948958
25061.5	0.00361248
25089.4	0.00553453
25117.4	0.00828094
25145.5	0.00903166
25173.6	0.00672821
25201.8	0.00714027
25230.1	0.00460873
25258.4	0.00186467
25286.8	0.00585352
25315.4	0.00727147
25344.0	0.0114447
25372.7	0.00914
25401.5	-0.000846019
25430.5	0.00398518
25459.5	-0.00409966
25488.7	0.0286087
25518.0	0.00664411
25547.4	0.0173059
25577.0	-0.00791844
25606.7	-0.000336695
33682.0	0.0058135175714221195
46179.0	0.005132697675195728
53650.0	0.0
