# Wavelength_(Angstrom)	Flux_(cgs)
6497.72	0.0374419
6519.94	0.0135335
6542.04	0.00103801
6564.03	-0.020303
6585.94	-0.0324036
6607.75	-0.0315112
6629.5	-0.0364593
6651.18	-0.0139998
6672.8	0.0103554
6694.38	0.00349901
6715.92	-0.082523
6737.43	0.035268
6758.91	-0.0117391
6780.39	0.00407491
6801.85	0.0229747
6823.32	0.0165873
6844.8	-0.0474662
6866.3	0.0115225
6887.82	-0.0292733
6909.37	0.00640731
6930.96	-0.00872399
6952.6	-0.0103819
6974.28	-0.0268735
6996.02	0.00785698
7017.83	0.0094299
7039.7	0.0153884
7061.65	0.0075635
7083.68	0.009554
7105.8	-0.0111625
7128.01	0.00787974
7150.31	0.0327466
7172.72	-0.0120671
7195.23	0.00249845
7217.85	0.00200026
7240.58	-0.0146875
7263.44	0.00742038
7286.42	-0.0131864
7309.53	0.0232516
7332.77	0.0120795
7356.14	0.00801519
7379.66	0.0181239
7403.32	-0.0039312
7427.12	0.0130017
7451.07	0.0168262
7475.18	-0.00100683
7499.44	0.00657386
7523.86	-0.00555986
7548.44	-0.00689342
7573.19	0.00212943
7598.1	0.0120744
7623.18	0.0023619
7648.43	-0.000335192
7673.85	-0.00418494
7699.46	-0.00968639
7725.23	-0.0101723
7751.19	-0.00986914
7777.33	-0.00400192
7803.65	-0.00277262
7830.16	0.00621836
7856.85	0.00399462
7883.73	0.0158095
7910.79	0.00770067
7938.05	0.000431214
7965.5	0.0102187
7993.14	0.00680011
8020.97	0.00781612
8048.99	0.0119526
8077.21	0.00682256
8105.63	0.0049706
8134.24	0.0146116
8163.04	0.0116307
8192.04	0.0170804
8221.24	0.0148803
8250.63	0.0218763
8280.23	0.00658938
8310.02	0.0190081
8340.0	0.0108478
8370.19	0.022087
8400.57	0.0180292
8431.14	0.0203669
8461.92	0.0156828
8492.89	0.0167968
8524.05	0.0289089
8555.41	0.0180597
8586.97	0.0137329
8618.72	0.015635
8650.67	0.0145581
8682.8	0.0107678
8715.14	0.013933
8747.66	0.0167332
8780.37	0.0143011
8813.27	0.0169409
8846.37	0.0223906
8879.65	0.0154526
8913.11	0.0176953
8946.77	0.0229372
8980.61	0.0252272
9014.63	0.024092
9048.83	0.022791
9083.22	0.0266651
9117.78	0.0270274
9152.53	0.0334614
9187.45	0.0334642
9222.55	0.0335773
9257.82	0.0355132
9293.27	0.0340836
9328.89	0.0319391
9364.67	0.0425081
9400.63	0.037609
9436.75	0.0445201
9473.04	0.0400649
9509.49	0.0470497
9546.1	0.0499728
9582.88	0.0478442
9619.81	0.04444
9656.9	0.0436463
9694.14	0.0457906
9731.54	0.0482205
9769.09	0.0493234
9806.79	0.0570983
9844.63	0.0512926
9882.63	0.0449394
9920.76	0.0398037
9959.04	0.0361439
9997.46	0.0335819
10036.0	0.0340854
10074.7	0.0394685
10113.5	0.0436317
10152.5	0.0423209
10191.6	0.043688
10230.8	0.0446431
10270.1	0.0485749
10309.6	0.0464727
10349.2	0.0510201
10388.9	0.0529005
10428.7	0.059416
10468.7	0.0622934
10508.7	0.0625468
10548.9	0.0572211
10589.2	0.0606892
10629.6	0.06075
10670.0	0.0618879
10710.6	0.0633204
10751.3	0.0650534
10792.1	0.0722229
10833.0	0.0724149
10874.0	0.0734946
10915.1	0.0743559
10956.2	0.0772226
10997.5	0.0720334
11038.8	0.0698844
11080.3	0.0731493
11121.8	0.0711512
11163.4	0.0707629
11205.0	0.0704506
11246.8	0.075116
11288.6	0.0748062
11330.5	0.0729333
11372.5	0.0704684
11414.5	0.0692482
11456.6	0.0730597
11498.7	0.0785091
11541.0	0.0785667
11583.2	0.0811279
11625.6	0.076792
11668.0	0.0722671
11710.4	0.0698488
11752.9	0.0698924
11795.5	0.0724493
11838.1	0.0741001
11880.7	0.0786993
11923.4	0.0748234
11966.1	0.0722696
12008.9	0.0720622
12051.7	0.0762706
12094.5	0.0770828
12137.4	0.084951
12180.3	0.0835389
12223.2	0.0894631
12266.2	0.087181
12309.2	0.0917231
12352.2	0.0867215
12395.2	0.085716
12438.3	0.0821929
12481.4	0.0811261
12524.5	0.0863227
12567.6	0.0893048
12610.7	0.0959056
12653.9	0.0989429
12697.0	0.10085
12740.2	0.0979969
12783.3	0.104896
12826.5	0.10079
12869.7	0.101127
12912.9	0.0972412
12956.0	0.0992748
12999.2	0.0974368
13042.4	0.0986564
13085.6	0.099538
13128.7	0.100571
13171.9	0.0998778
13215.1	0.100591
13258.2	0.0957596
13301.3	0.0835309
13344.5	0.0711058
13387.6	0.0588137
13430.7	0.0550481
13473.7	0.0515646
13516.8	0.0476424
13559.8	0.0470691
13602.9	0.039834
13645.9	0.0458045
13688.8	0.0472754
13731.8	0.0466517
13774.7	0.0501998
13817.6	0.0517657
13860.5	0.0478498
13903.3	0.0518785
13946.1	0.0520154
13988.9	0.0436085
14031.6	0.0503079
14074.3	0.0467107
14117.0	0.0388927
14159.6	0.0408783
14202.3	0.041865
14244.8	0.0428894
14287.3	0.0437809
14329.8	0.0403401
14372.3	0.0426182
14414.7	0.0450117
14457.0	0.0475401
14499.4	0.0478255
14541.6	0.0497216
14583.9	0.0495092
14626.0	0.0508013
14668.2	0.0499527
14710.3	0.0564971
14752.3	0.0545889
14794.3	0.0554436
14836.2	0.0544326
14878.1	0.0529903
14919.9	0.0586426
14961.7	0.0610137
15003.5	0.0611586
15045.1	0.0624364
15086.8	0.0662588
15128.3	0.0639614
15169.8	0.0673993
15211.3	0.0705132
15252.7	0.0694734
15294.0	0.0723879
15335.3	0.0740707
15376.6	0.0758914
15417.7	0.0778944
15458.8	0.0805789
15499.9	0.0803384
15540.9	0.0817009
15581.8	0.0814568
15622.7	0.0820089
15663.5	0.0862878
15704.2	0.0844216
15744.9	0.0874006
15785.6	0.0831113
15826.1	0.0840039
15866.6	0.0892563
15907.1	0.0850099
15947.4	0.0848357
15987.7	0.0858258
16028.0	0.0851375
16068.2	0.0900679
16108.3	0.0918746
16148.3	0.0868546
16188.3	0.0876196
16228.3	0.0857357
16268.1	0.0858074
16307.9	0.0835033
16347.6	0.0887337
16387.3	0.0872748
16426.9	0.0896686
16466.4	0.0943199
16505.9	0.0922905
16545.3	0.0896293
16584.6	0.0901943
16623.9	0.0918224
16663.1	0.0910268
16702.3	0.0887656
16741.3	0.0898299
16780.3	0.0934303
16819.3	0.0945327
16858.2	0.0935641
16897.0	0.0919145
16935.7	0.0890079
16974.4	0.0908618
17013.0	0.0901293
17051.6	0.0874902
17090.1	0.0884171
17128.5	0.088714
17166.8	0.0832953
17205.1	0.0801121
17243.3	0.0817985
17281.5	0.0771901
17319.6	0.0777656
17357.6	0.0764945
17395.6	0.0764693
17433.5	0.0745976
17471.4	0.0690593
17509.1	0.0697341
17546.8	0.0676201
17584.5	0.0650405
17622.1	0.0626867
17659.6	0.0603173
17697.1	0.059682
17734.5	0.057084
17771.8	0.0550141
17809.1	0.0535845
17846.3	0.0537275
17883.4	0.0517213
17920.5	0.0496443
17957.6	0.0489725
17994.5	0.0519466
18031.4	0.0471765
18068.3	0.0515373
18105.1	0.0479737
18141.8	0.04918
18178.5	0.04851
18215.1	0.0488875
18251.6	0.046829
18288.1	0.0447045
18324.6	0.0520802
18360.9	0.0457633
18397.3	0.0419649
18433.5	0.0441245
18469.7	0.0427472
18505.9	0.0385493
18542.0	0.0391089
18578.0	0.0417112
18614.0	0.0364586
18649.9	0.0433742
18685.8	0.0362626
18721.6	0.0388561
18757.3	0.0437575
18793.0	0.0430819
18828.7	0.0388914
18864.3	0.0430254
18899.8	0.0458829
18935.3	0.0441774
18970.7	0.0459032
19006.1	0.0487078
19041.4	0.0505687
19076.7	0.0479128
19111.9	0.0476473
19147.1	0.0490829
19182.2	0.0522791
19217.3	0.0527497
19252.3	0.0467756
19287.2	0.0479907
19322.2	0.043522
19357.0	0.0423645
19391.8	0.0439634
19426.6	0.0417965
19461.3	0.0445854
19496.0	0.0417159
19530.6	0.0444471
19565.1	0.0416788
19599.7	0.0399783
19634.1	0.0406325
19668.5	0.0409189
19702.9	0.0403535
19737.2	0.0398018
19771.5	0.0424736
19805.7	0.041567
19839.9	0.0415627
19874.0	0.0408944
19908.1	0.0436286
19942.2	0.0410698
19976.1	0.0428293
20010.1	0.045529
20044.0	0.0463581
20077.8	0.0394527
20111.6	0.044815
20145.4	0.0430055
20179.1	0.0458464
20212.8	0.0458973
20246.4	0.0464196
20280.0	0.0474259
20313.5	0.0487679
20347.0	0.048069
20380.4	0.0494053
20413.8	0.0506557
20447.1	0.0474505
20480.4	0.051521
20513.7	0.0514677
20546.9	0.0516089
20580.1	0.0546984
20613.2	0.0546574
20646.3	0.0533936
20679.3	0.0515432
20712.3	0.0544206
20745.2	0.0539424
20778.1	0.056224
20810.9	0.0526557
20843.7	0.056203
20876.5	0.0591506
20909.2	0.0575791
20941.9	0.0579616
20974.5	0.0575268
21007.1	0.0596919
21039.6	0.0587688
21072.1	0.060686
21104.5	0.059255
21136.9	0.0607488
21169.3	0.0606559
21201.6	0.0606006
21233.8	0.0608205
21266.0	0.0605197
21298.2	0.0609568
21330.3	0.0626775
21362.4	0.0598737
21394.4	0.0591699
21426.4	0.0622253
21458.3	0.0626909
21490.2	0.0618916
21522.1	0.062291
21553.9	0.060912
21585.6	0.0589777
21617.3	0.0628615
21649.0	0.0633977
21680.6	0.0639314
21712.1	0.0611567
21743.6	0.0612037
21775.1	0.0631271
21806.5	0.0611212
21837.9	0.0596114
21869.2	0.0595086
21900.4	0.0600374
21931.7	0.0615517
21962.8	0.059984
21994.0	0.0601745
22025.0	0.0591421
22056.0	0.060295
22087.0	0.05827
22117.9	0.056586
22148.8	0.0606264
22179.6	0.0605798
22210.4	0.0586722
22241.1	0.0580168
22271.8	0.0558913
22302.4	0.0585363
22333.0	0.0586882
22363.5	0.0597504
22394.0	0.0571387
22424.4	0.0574677
22454.8	0.0579221
22485.1	0.0563211
22515.4	0.0543952
22545.6	0.0585765
22575.7	0.0546495
22605.9	0.0564596
22635.9	0.0548427
22665.9	0.056087
22695.9	0.0526508
22725.8	0.0564434
22755.6	0.0528784
22785.4	0.0532939
22815.2	0.0529655
22844.9	0.0528386
22874.5	0.0559995
22904.1	0.0541382
22933.6	0.0491547
22963.1	0.0450261
22992.6	0.0425946
23022.0	0.0419894
23051.3	0.0459592
23080.6	0.0451337
23109.8	0.0452364
23139.0	0.0452947
23168.1	0.0447767
23197.2	0.0435469
23226.2	0.0431224
23255.2	0.0393124
23284.1	0.0400461
23313.0	0.0443462
23341.8	0.0417578
23370.6	0.0419568
23399.3	0.0432743
23428.0	0.0431502
23456.6	0.0431589
23485.2	0.0435314
23513.7	0.0432611
23542.2	0.0408835
23570.7	0.0401473
23599.1	0.0405324
23627.4	0.0387926
23655.7	0.0403879
23684.0	0.0397875
23712.2	0.0357529
23740.4	0.0393438
23768.5	0.0372642
23796.6	0.0393245
23824.7	0.037533
23852.7	0.0360578
23880.7	0.0407871
23908.6	0.0397547
23936.5	0.0382552
23964.4	0.0394115
23992.2	0.0353849
24020.0	0.0386537
24047.8	0.0368008
24075.5	0.0355727
24103.2	0.0360257
24130.9	0.0384029
24158.5	0.0344912
24186.1	0.0357554
24213.7	0.0399084
24241.3	0.0344914
24268.9	0.0363003
24296.4	0.0346128
24323.9	0.0339447
24351.4	0.032828
24378.9	0.0335741
24406.4	0.0298322
24433.8	0.0292784
24461.3	0.0327426
24488.7	0.0279642
24516.2	0.0345278
24543.6	0.0327756
24571.0	0.0287713
24598.5	0.0271023
24625.9	0.0297889
24653.4	0.0293207
24680.8	0.0301964
24708.3	0.0299641
24735.8	0.0302547
24763.3	0.0288177
24790.8	0.025715
24818.3	0.0251413
24845.9	0.0313877
24873.5	0.0219271
24901.1	0.0270735
24928.8	0.0284256
24956.5	0.0256651
24984.3	0.0276698
25012.0	0.0296761
25039.9	0.0195858
25067.8	0.0148119
25095.7	0.0333602
25123.7	0.0292689
25151.8	0.0251787
25180.0	0.0247525
25208.2	0.0204993
25236.5	0.00634449
25264.8	0.0205869
25293.3	0.0304256
25321.9	0.0368839
25350.5	0.0360467
25379.2	0.0218493
25408.1	0.00557786
25437.1	0.0206661
25466.1	0.0236825
25495.3	-0.00054216
25524.6	0.0248222
25554.1	0.037873
25583.7	0.0293414
33682.0	0.018337944774459214
46179.0	0.007132755796082267
53650.0	0.0
