# Wavelength_(Angstrom)	Flux_(cgs)
6574.25	0.0494367
6596.11	0.00880775
6617.89	-0.0164295
6639.61	0.0496073
6661.26	0.0328864
6682.86	0.00990171
6704.42	0.0111474
6725.94	0.0105482
6747.44	0.0447622
6768.92	-0.00123607
6790.39	-0.0239745
6811.85	-0.00112312
6833.33	-0.0179685
6854.81	0.0153526
6876.32	0.00304868
6897.86	0.000678192
6919.42	0.0198865
6941.03	-0.00103426
6962.69	0.0124211
6984.4	0.0210905
7006.17	-0.00106203
7028.01	0.0339479
7049.92	-0.00382093
7071.91	0.00224121
7093.98	0.0128924
7116.13	0.0134721
7138.38	-0.00745718
7160.73	0.00106312
7183.19	-0.00427003
7205.75	0.00990298
7228.42	0.000840875
7251.22	0.00312636
7274.13	0.00417948
7297.17	0.0081093
7320.34	0.00964591
7343.64	0.00495271
7367.08	0.00561717
7390.66	-0.000857069
7414.39	0.00561042
7438.26	0.00206985
7462.28	0.00216588
7486.46	0.00127501
7510.79	0.00670626
7535.29	0.00134738
7559.95	0.00488283
7584.77	0.00208761
7609.76	0.000954387
7634.92	-0.00117713
7660.25	-0.00919188
7685.76	-0.00350037
7711.44	0.0051867
7737.3	0.00680409
7763.34	0.00397417
7789.57	0.00915009
7815.97	0.000679461
7842.57	-0.00317036
7869.34	0.00590473
7896.31	0.00195935
7923.47	0.00456162
7950.81	0.00290965
7978.35	0.00232681
8006.08	0.00618754
8034.0	0.00591201
8062.11	-0.00313082
8090.42	0.00781484
8118.93	0.000108677
8147.63	7.74418e-05
8176.53	0.00672082
8205.62	-0.000206495
8234.91	0.00232227
8264.39	0.00326834
8294.08	0.00562628
8323.96	0.00508908
8354.04	0.00662286
8384.31	0.00389581
8414.78	0.00890618
8445.45	0.017402
8476.32	0.0132974
8507.38	0.00703761
8538.64	0.00831198
8570.09	0.0132328
8601.74	0.0106736
8633.58	0.0148036
8665.61	0.0133039
8697.84	0.0170977
8730.26	0.0122618
8762.87	0.0141914
8795.67	0.019694
8828.67	0.0200002
8861.85	0.0215989
8895.21	0.0186769
8928.77	0.0248123
8962.51	0.0257889
8996.43	0.0270561
9030.54	0.0267281
9064.83	0.0309588
9099.3	0.0281469
9133.95	0.0284815
9168.77	0.0362627
9203.78	0.0305615
9238.96	0.0270002
9274.31	0.0327375
9309.84	0.0216588
9345.53	0.0379227
9381.4	0.0365225
9417.43	0.0393139
9453.63	0.0403542
9490.0	0.037987
9526.53	0.0402065
9563.21	0.04271
9600.06	0.0395038
9637.07	0.041757
9674.23	0.0483775
9711.55	0.0479695
9749.01	0.053214
9786.63	0.0500824
9824.4	0.0516957
9862.31	0.0489107
9900.37	0.045931
9938.57	0.0492359
9976.92	0.052411
10015.4	0.0511812
10054.0	0.0551202
10092.8	0.0526658
10131.7	0.060541
10170.7	0.059628
10209.8	0.0598686
10249.1	0.0604531
10288.5	0.064886
10328.0	0.0657196
10367.7	0.0677943
10407.4	0.0698641
10447.3	0.0682171
10487.3	0.0729801
10527.4	0.0720735
10567.6	0.0719937
10608.0	0.0739036
10648.4	0.0744948
10688.9	0.0748014
10729.6	0.0757296
10770.3	0.0746045
10811.2	0.0807219
10852.1	0.0796834
10893.1	0.0754643
10934.2	0.0731505
10975.5	0.069498
11016.8	0.0695871
11058.1	0.0651638
11099.6	0.0610388
11141.2	0.0582773
11182.8	0.0649216
11224.5	0.0642784
11266.3	0.0657022
11308.1	0.067261
11350.0	0.0614188
11392.0	0.0611872
11434.1	0.0610335
11476.2	0.0673896
11518.4	0.0682225
11560.7	0.0676334
11603.0	0.0670436
11645.3	0.062674
11687.7	0.0575701
11730.2	0.0616815
11772.7	0.0625782
11815.3	0.0697148
11857.9	0.075636
11900.6	0.07747
11943.3	0.0803583
11986.0	0.0821805
12028.8	0.0858836
12071.6	0.0848465
12114.5	0.0885771
12157.4	0.0889346
12200.3	0.0937595
12243.2	0.0949378
12286.2	0.0938254
12329.2	0.0932022
12372.2	0.0903518
12415.3	0.094504
12458.4	0.0888268
12501.4	0.093336
12544.6	0.0954149
12587.7	0.0985184
12630.8	0.0987697
12674.0	0.09993
12717.1	0.101727
12760.3	0.102751
12803.4	0.0997256
12846.6	0.0992137
12889.8	0.100112
12933.0	0.101791
12976.2	0.0996243
13019.3	0.0978368
13062.5	0.0978442
13105.7	0.0944002
13148.9	0.0939007
13192.0	0.0937807
13235.2	0.0850569
13278.3	0.0762807
13321.4	0.0555945
13364.5	0.0415321
13407.6	0.0351489
13450.7	0.0291304
13493.8	0.0265075
13536.8	0.0285301
13579.9	0.0245187
13622.9	0.0284373
13665.9	0.0374498
13708.8	0.0403582
13751.8	0.0340238
13794.7	0.0416988
13837.6	0.0340757
13880.4	0.0340159
13923.2	0.0384776
13966.0	0.0343669
14008.8	0.0346361
14051.5	0.0360006
14094.2	0.0327391
14136.9	0.0289067
14179.5	0.0261391
14222.1	0.0234755
14264.6	0.0273482
14307.1	0.0273959
14349.6	0.0316311
14392.0	0.0278848
14434.4	0.0344342
14476.8	0.0331985
14519.1	0.038418
14561.3	0.0364266
14603.5	0.0416315
14645.7	0.0410621
14687.8	0.0435477
14729.8	0.041163
14771.9	0.0427961
14813.8	0.0446068
14855.7	0.0494263
14897.6	0.0464363
14939.4	0.0498692
14981.2	0.0527463
15022.9	0.0534965
15064.5	0.0514964
15106.1	0.05613
15147.7	0.059397
15189.2	0.0620199
15230.6	0.0653439
15272.0	0.0626818
15313.3	0.0667811
15354.5	0.0704648
15395.7	0.0698071
15436.9	0.0726324
15478.0	0.0749275
15519.0	0.0777358
15560.0	0.078619
15600.9	0.076387
15641.7	0.0769069
15682.5	0.079442
15723.2	0.0824728
15763.9	0.0843155
15804.5	0.0886889
15845.0	0.0846582
15885.5	0.0820383
15925.9	0.0856711
15966.2	0.0844261
16006.5	0.0842724
16046.7	0.0845431
16086.9	0.085367
16127.0	0.083446
16167.0	0.0809228
16206.9	0.0823243
16246.8	0.081643
16286.7	0.0789426
16326.4	0.0806984
16366.1	0.0775523
16405.8	0.0804887
16445.3	0.0812268
16484.8	0.0820506
16524.3	0.0803076
16563.6	0.0821216
16602.9	0.0786909
16642.2	0.0776625
16681.4	0.0741779
16720.5	0.0737847
16759.5	0.0750213
16798.5	0.0755339
16837.4	0.0757475
16876.3	0.0739962
16915.0	0.075834
16953.8	0.0754408
16992.4	0.0724942
17031.0	0.0728177
17069.5	0.0716313
17108.0	0.0698634
17146.4	0.070568
17184.7	0.0692642
17222.9	0.0665004
17261.1	0.064087
17299.3	0.0603319
17337.3	0.060325
17375.3	0.0550651
17413.3	0.0561558
17451.1	0.0556938
17489.0	0.050992
17526.7	0.0483627
17564.4	0.0475338
17602.0	0.0471431
17639.6	0.0416188
17677.1	0.0380106
17714.5	0.0370664
17751.9	0.0376064
17789.2	0.0361867
17826.4	0.0341071
17863.6	0.0319178
17900.7	0.0359335
17937.8	0.0323213
17974.8	0.0322115
18011.7	0.030774
18048.6	0.0254728
18085.4	0.0305067
18122.2	0.0325394
18158.9	0.034611
18195.5	0.0323053
18232.1	0.0314357
18268.6	0.0337744
18305.1	0.0295483
18341.5	0.029478
18377.9	0.0306506
18414.2	0.0235883
18450.4	0.0273822
18486.6	0.0265496
18522.7	0.0210152
18558.7	0.0193951
18594.8	0.0234982
18630.7	0.01847
18666.6	0.0306044
18702.4	0.0332995
18738.2	0.0283094
18774.0	0.0260499
18809.6	0.0302337
18845.3	0.0277435
18880.8	0.0290802
18916.3	0.0299072
18951.8	0.0303882
18987.2	0.0339037
19022.6	0.0366603
19057.9	0.0251943
19093.1	0.0420646
19128.3	0.037616
19163.4	0.040493
19198.5	0.0360909
19233.6	0.0365033
19268.6	0.0321594
19303.5	0.0297292
19338.4	0.0291948
19373.2	0.0275764
19408.0	0.0236315
19442.8	0.0262553
19477.5	0.0219838
19512.1	0.0247255
19546.7	0.0253584
19581.2	0.0232314
19615.7	0.0263066
19650.2	0.0212882
19684.6	0.0258178
19718.9	0.026145
19753.2	0.0265069
19787.5	0.027653
19821.7	0.0251931
19855.8	0.0273271
19889.9	0.0247877
19924.0	0.026547
19958.0	0.0278805
19992.0	0.0284202
20025.9	0.026872
20059.8	0.025572
20093.6	0.0274384
20127.4	0.0301874
20161.1	0.0319177
20194.8	0.0335029
20228.4	0.0328203
20262.0	0.0358931
20295.6	0.0342638
20329.1	0.0361595
20362.5	0.0377586
20396.0	0.0361564
20429.3	0.0362133
20462.7	0.0391911
20495.9	0.0396176
20529.2	0.0391079
20562.4	0.0396502
20595.5	0.040959
20628.6	0.0417769
20661.6	0.0398831
20694.7	0.0431797
20727.6	0.0429051
20760.5	0.0421865
20793.4	0.0433096
20826.2	0.043021
20859.0	0.0416564
20891.7	0.0431857
20924.4	0.0439573
20957.1	0.0432559
20989.7	0.0430142
21022.2	0.0423947
21054.7	0.0422714
21087.2	0.0435787
21119.6	0.0428401
21152.0	0.0420195
21184.3	0.0418139
21216.6	0.0427176
21248.8	0.041541
21281.0	0.0411918
21313.2	0.0407262
21345.3	0.040878
21377.3	0.0409939
21409.3	0.0406719
21441.3	0.0408073
21473.2	0.041678
21505.1	0.0404143
21536.9	0.0409849
21568.7	0.0393446
21600.4	0.0404159
21632.1	0.0391571
21663.7	0.0398371
21695.3	0.03927
21726.8	0.0394096
21758.3	0.0380897
21789.7	0.0384353
21821.1	0.0362764
21852.5	0.0363548
21883.7	0.0359772
21915.0	0.0344674
21946.2	0.0361909
21977.3	0.0345025
22008.4	0.0311786
22039.5	0.0305333
22070.5	0.0309988
22101.4	0.0312345
22132.3	0.0311884
22163.2	0.0305817
22194.0	0.0309617
22224.7	0.0309396
22255.4	0.0303053
22286.1	0.0302517
22316.7	0.0306114
22347.2	0.030342
22377.7	0.0293927
22408.2	0.0288498
22438.6	0.0282023
22468.9	0.0279234
22499.2	0.02763
22529.4	0.0271748
22559.6	0.0277903
22589.8	0.0264727
22619.9	0.0261229
22649.9	0.0273327
22679.9	0.0265645
22709.8	0.0255262
22739.7	0.0251261
22769.5	0.0258123
22799.3	0.0277719
22829.0	0.025765
22858.7	0.0250144
22888.3	0.0241253
22917.9	0.0229617
22947.4	0.02177
22976.9	0.0196354
23006.3	0.0194779
23035.6	0.0203225
23064.9	0.0195007
23094.2	0.0202952
23123.4	0.01998
23152.6	0.0203242
23181.7	0.0162653
23210.7	0.0162838
23239.7	0.0159789
23268.7	0.0171778
23297.6	0.0168975
23326.4	0.0171352
23355.2	0.0159263
23384.0	0.0168914
23412.7	0.0178652
23441.3	0.01802
23469.9	0.0194742
23498.5	0.0168029
23527.0	0.0172699
23555.5	0.0183998
23583.9	0.0188908
23612.3	0.0171106
23640.6	0.0207883
23668.9	0.0173936
23697.1	0.018596
23725.3	0.0155388
23753.5	0.0163547
23781.6	0.0154261
23809.7	0.0194566
23837.7	0.019038
23865.7	0.0185724
23893.7	0.0198373
23921.6	0.0179566
23949.5	0.0223006
23977.3	0.0159472
24005.1	0.0185294
24032.9	0.0199337
24060.7	0.0160557
24088.4	0.0176764
24116.1	0.0195551
24143.8	0.0200362
24171.4	0.0199603
24199.0	0.0198672
24226.6	0.0166829
24254.1	0.0163807
24281.7	0.0191668
24309.2	0.0178697
24336.7	0.020352
24364.2	0.0176758
24391.7	0.0169777
24419.2	0.0174311
24446.6	0.0201301
24474.1	0.0169858
24501.5	0.0230177
24528.9	0.0167829
24556.4	0.0151939
24583.8	0.0135191
24611.3	0.0164263
24638.7	0.0139492
24666.2	0.0166745
24693.6	0.0115069
24721.1	0.0122791
24748.6	0.00771736
24776.1	0.0145667
24803.6	0.0155959
24831.2	0.01592
24858.8	0.00905022
24886.4	0.00691319
24914.0	0.012704
24941.7	0.00957112
24969.4	0.016916
24997.2	0.0217375
25025.0	0.00813139
25052.9	0.00870169
25080.8	0.0141081
25108.8	0.0247031
25136.8	0.0200375
25164.9	0.0105672
25193.1	0.00696065
25221.3	0.00981469
25249.7	0.0285017
25278.1	0.0326811
25306.6	0.0135815
25335.2	0.0123748
25363.9	-0.000448282
25392.7	0.00436278
25421.6	0.0590124
25450.6	0.0457228
25479.7	0.0271036
25509.0	0.0370059
25538.3	-0.0309374
25567.9	0.0262417
25597.5	-0.00449398
33682.0	0.01216805340296309
46179.0	0.007640605942830665
53650.0	0.0
