# Wavelength_(Angstrom)	Flux_(cgs)
6576.69	0.0155371
6598.54	0.00718279
6620.31	-0.00147441
6642.02	-0.00543488
6663.67	-0.00297118
6685.26	0.0130519
6706.81	0.00334739
6728.33	0.00627083
6749.83	0.000828343
6771.31	0.00640918
6792.78	0.00438893
6814.24	0.00375092
6835.72	-0.00117973
6857.21	-0.0009041
6878.72	0.00238102
6900.26	0.00491095
6921.83	0.0052385
6943.44	0.0022073
6965.11	0.00544011
6986.82	0.00930097
7008.6	0.00639265
7030.45	0.00950683
7052.36	0.00446359
7074.36	0.0079242
7096.44	0.00662429
7118.61	0.005438
7140.87	0.00485162
7163.23	0.00576668
7185.7	0.00444973
7208.27	0.00624229
7230.96	0.00438497
7253.76	0.00273168
7276.69	0.00624043
7299.74	0.01112
7322.93	0.0140181
7346.24	0.0110173
7369.7	0.00857305
7393.3	0.0106176
7417.04	0.00999396
7440.93	0.0106646
7464.97	0.00912873
7489.16	0.00672936
7513.51	0.0112233
7538.03	0.010936
7562.7	0.0102057
7587.54	0.0100222
7612.55	0.0117135
7637.73	0.00954902
7663.08	0.00768011
7688.61	0.00724425
7714.31	0.00592607
7740.19	0.00899846
7766.25	0.00622787
7792.5	0.00900116
7818.93	0.00967293
7845.54	0.00913893
7872.34	0.00895448
7899.32	0.0110389
7926.5	0.0104683
7953.87	0.0111844
7981.43	0.00950112
8009.18	0.0127092
8037.12	0.017053
8065.26	0.0159608
8093.59	0.0198328
8122.11	0.021439
8150.84	0.0235583
8179.75	0.0261815
8208.87	0.0280162
8238.18	0.0280907
8267.69	0.0273703
8297.4	0.028825
8327.3	0.0301525
8357.4	0.028582
8387.7	0.0263723
8418.19	0.0258179
8448.88	0.0241368
8479.77	0.0233283
8510.85	0.0195082
8542.13	0.0210011
8573.6	0.0185977
8605.27	0.022203
8637.14	0.023329
8669.19	0.0207671
8701.44	0.0223356
8733.88	0.0228898
8766.51	0.0241922
8799.34	0.0254261
8832.35	0.0293169
8865.55	0.0299116
8898.94	0.0313633
8932.51	0.0306668
8966.27	0.0325264
9000.22	0.0363307
9034.35	0.0373136
9068.66	0.0415796
9103.15	0.0424736
9137.82	0.0457448
9172.66	0.0479256
9207.69	0.0476571
9242.89	0.0514486
9278.26	0.0507999
9313.8	0.0510534
9349.52	0.0488164
9385.4	0.0493573
9421.46	0.0509754
9457.67	0.0534925
9494.06	0.0570108
9530.6	0.057887
9567.31	0.0627295
9604.17	0.0616345
9641.2	0.0653851
9678.38	0.0623887
9715.71	0.0628029
9753.19	0.0677311
9790.83	0.0668597
9828.61	0.0664767
9866.54	0.0651468
9904.62	0.0639684
9942.84	0.0610409
9981.19	0.0561146
10019.7	0.0538077
10058.3	0.0557158
10097.1	0.0570613
10136.0	0.0613844
10175.0	0.0647514
10214.2	0.0662417
10253.5	0.0640837
10292.9	0.0658838
10332.4	0.06612
10372.1	0.068355
10411.9	0.0701658
10451.8	0.0736952
10491.8	0.0739128
10531.9	0.0722555
10572.1	0.0736861
10612.5	0.0698936
10652.9	0.0706742
10693.5	0.0727129
10734.1	0.0768617
10774.9	0.0808108
10815.7	0.0831465
10856.7	0.0863695
10897.7	0.0874236
10938.8	0.0928966
10980.0	0.0937695
11021.4	0.0922116
11062.7	0.0917247
11104.2	0.0914077
11145.8	0.0913857
11187.4	0.0897637
11229.1	0.0901875
11270.9	0.0913884
11312.8	0.0908408
11354.7	0.0903123
11396.7	0.0897754
11438.8	0.0899584
11480.9	0.0885993
11523.1	0.0925278
11565.4	0.0964338
11607.7	0.0971624
11650.0	0.0960568
11692.5	0.0940374
11734.9	0.0890647
11777.5	0.0876675
11820.0	0.085102
11862.7	0.0844544
11905.3	0.0847668
11948.0	0.0851453
11990.8	0.0845013
12033.6	0.0813885
12076.4	0.0811943
12119.3	0.0836404
12162.1	0.0872554
12205.1	0.0898136
12248.0	0.0914182
12291.0	0.0936836
12334.0	0.0950825
12377.0	0.0929903
12420.1	0.0898979
12463.2	0.0888009
12506.2	0.0857988
12549.4	0.0864587
12592.5	0.0897648
12635.6	0.0924259
12678.8	0.0962476
12721.9	0.0989755
12765.1	0.097652
12808.2	0.101616
12851.4	0.101166
12894.6	0.100523
12937.8	0.100031
12981.0	0.100268
13024.1	0.0994141
13067.3	0.100555
13110.5	0.0993719
13153.7	0.0991837
13196.8	0.0985164
13240.0	0.0993555
13283.1	0.0944746
13326.2	0.0919522
13369.3	0.0848295
13412.4	0.0753903
13455.5	0.0692321
13498.6	0.0637204
13541.6	0.0628003
13584.7	0.060141
13627.7	0.0572691
13670.7	0.0604966
13713.6	0.0584578
13756.5	0.0617402
13799.5	0.0667143
13842.3	0.0671591
13885.2	0.0629421
13928.0	0.062933
13970.8	0.0671076
14013.6	0.0677065
14056.3	0.0602037
14099.0	0.0616924
14141.6	0.0603338
14184.2	0.0603991
14226.8	0.0578435
14269.4	0.0576724
14311.9	0.0568853
14354.3	0.0580377
14396.7	0.056514
14439.1	0.0568977
14481.5	0.0573812
14523.8	0.0588957
14566.0	0.0587949
14608.2	0.0582019
14650.4	0.0601516
14692.5	0.0591715
14734.5	0.0570121
14776.5	0.0576501
14818.5	0.0579202
14860.4	0.0598925
14902.3	0.0579067
14944.1	0.0595525
14985.8	0.0609948
15027.5	0.0616504
15069.2	0.0606453
15110.8	0.0621254
15152.3	0.0620099
15193.8	0.0631412
15235.2	0.0640469
15276.6	0.0645548
15317.9	0.065432
15359.1	0.0663127
15400.3	0.0667431
15441.5	0.0679682
15482.5	0.0681053
15523.6	0.0683653
15564.5	0.0688488
15605.4	0.0701907
15646.2	0.0700482
15687.0	0.0716675
15727.7	0.0701808
15768.4	0.0719221
15809.0	0.0713297
15849.5	0.0695159
15890.0	0.0704445
15930.4	0.069541
15970.7	0.0696188
16011.0	0.070626
16051.2	0.0714921
16091.3	0.0713596
16131.4	0.0701608
16171.4	0.0699369
16211.4	0.0688126
16251.3	0.0702594
16291.1	0.0700334
16330.8	0.0694067
16370.5	0.0691143
16410.2	0.0702188
16449.7	0.0710181
16489.2	0.0726967
16528.7	0.0710474
16568.0	0.0736166
16607.3	0.0735658
16646.6	0.0725678
16685.7	0.0715902
16724.8	0.0732075
16763.9	0.0709626
16802.8	0.0714878
16841.7	0.0716948
16880.6	0.0715896
16919.3	0.0718073
16958.1	0.0731896
16996.7	0.0714769
17035.3	0.0727818
17073.8	0.0721062
17112.2	0.0709586
17150.6	0.068639
17188.9	0.0697065
17227.2	0.0672676
17265.4	0.0661613
17303.5	0.0651616
17341.6	0.063589
17379.6	0.0624024
17417.5	0.0618228
17455.4	0.0611797
17493.2	0.0596703
17530.9	0.0585095
17568.6	0.0575706
17606.2	0.0564986
17643.7	0.0554177
17681.2	0.0548788
17718.7	0.0546909
17756.0	0.0472246
17793.3	0.0519222
17830.6	0.0502146
17867.7	0.0492205
17904.9	0.047976
17941.9	0.0446926
17978.9	0.0473725
18015.8	0.0477517
18052.7	0.0427955
18089.5	0.0450491
18126.3	0.0438266
18163.0	0.0460843
18199.6	0.0457334
18236.2	0.0457581
18272.7	0.0440205
18309.2	0.043354
18345.6	0.0454575
18381.9	0.0420216
18418.2	0.0422588
18454.4	0.0422478
18490.6	0.0416861
18526.7	0.0427549
18562.8	0.041279
18598.8	0.0404655
18634.7	0.0388517
18670.6	0.0366608
18706.4	0.0387182
18742.2	0.0401439
18777.9	0.0394935
18813.6	0.0400591
18849.2	0.0414029
18884.8	0.0451116
18920.3	0.0413565
18955.7	0.0405094
18991.1	0.0398331
19026.5	0.0407152
19061.8	0.0427856
19097.0	0.0400702
19132.2	0.044337
19167.4	0.0452649
19202.4	0.0432072
19237.5	0.0415235
19272.5	0.0436217
19307.4	0.0424043
19342.3	0.0413124
19377.1	0.0406289
19411.9	0.0399048
19446.6	0.0395931
19481.3	0.0375564
19515.9	0.0380729
19550.5	0.0377674
19585.1	0.0377507
19619.6	0.0387189
19654.0	0.0384912
19688.4	0.0394723
19722.7	0.0385879
19757.0	0.0383999
19791.3	0.0362143
19825.5	0.0345347
19859.6	0.0337936
19893.7	0.0344408
19927.8	0.0348891
19961.8	0.033539
19995.7	0.0344364
20029.7	0.0352699
20063.5	0.0345555
20097.3	0.0330468
20131.1	0.0352211
20164.9	0.038635
20198.5	0.0375192
20232.2	0.0378565
20265.8	0.0381819
20299.3	0.0370402
20332.8	0.0364654
20366.3	0.0358334
20399.7	0.0360821
20433.0	0.0367588
20466.4	0.0356311
20499.6	0.0362564
20532.9	0.0371583
20566.0	0.0362368
20599.2	0.0361547
20632.3	0.0358701
20665.3	0.0378302
20698.3	0.0369331
20731.3	0.0371544
20764.2	0.0372055
20797.1	0.0384682
20829.9	0.0377143
20862.7	0.0386898
20895.4	0.0387496
20928.1	0.0381073
20960.7	0.0389228
20993.3	0.0385603
21025.9	0.0384067
21058.4	0.0385803
21090.8	0.0392096
21123.2	0.038648
21155.6	0.0396548
21187.9	0.0392471
21220.2	0.0402108
21252.4	0.0407096
21284.6	0.0403294
21316.8	0.040914
21348.8	0.0403844
21380.9	0.0407883
21412.9	0.0404688
21444.8	0.0405925
21476.8	0.0410093
21508.6	0.041214
21540.4	0.0402502
21572.2	0.0407225
21603.9	0.0405729
21635.6	0.0408687
21667.2	0.0412996
21698.8	0.0415055
21730.3	0.0414221
21761.8	0.0404991
21793.2	0.0412021
21824.6	0.041199
21855.9	0.0409087
21887.2	0.0410018
21918.5	0.0402372
21949.7	0.0399286
21980.8	0.0411809
22011.9	0.0411431
22042.9	0.0414835
22073.9	0.0410686
22104.9	0.0405783
22135.8	0.0402657
22166.6	0.0400359
22197.4	0.040779
22228.2	0.0411918
22258.8	0.0403608
22289.5	0.0410987
22320.1	0.0412736
22350.6	0.041552
22381.1	0.0399656
22411.6	0.0400201
22441.9	0.0404275
22472.3	0.0406026
22502.6	0.0402978
22532.8	0.0406697
22563.0	0.0403448
22593.1	0.0403412
22623.2	0.0398697
22653.2	0.0397719
22683.2	0.039382
22713.1	0.039403
22743.0	0.039845
22772.8	0.0389726
22802.6	0.0390824
22832.3	0.0391
22862.0	0.0392461
22891.6	0.0388424
22921.2	0.0374174
22950.7	0.0371066
22980.1	0.0355901
23009.5	0.0331702
23038.9	0.0325639
23068.2	0.0331845
23097.4	0.0338594
23126.6	0.0338131
23155.8	0.0335191
23184.9	0.0335139
23213.9	0.0334077
23242.9	0.032107
23271.9	0.0310207
23300.8	0.0303138
23329.6	0.0301551
23358.4	0.0305151
23387.2	0.0306094
23415.9	0.0308923
23444.5	0.0308545
23473.1	0.0307895
23501.7	0.031254
23530.2	0.0305197
23558.7	0.0299838
23587.1	0.0289174
23615.4	0.0291145
23643.8	0.0285607
23672.0	0.0289352
23700.3	0.0287209
23728.5	0.0297475
23756.6	0.0287767
23784.7	0.0284173
23812.8	0.029457
23840.8	0.0262949
23868.8	0.0288623
23896.8	0.0285633
23924.7	0.0261913
23952.6	0.0272404
23980.4	0.0271001
24008.2	0.0276178
24036.0	0.0276329
24063.8	0.0273681
24091.5	0.0272472
24119.2	0.0260883
24146.8	0.0256977
24174.5	0.0256379
24202.1	0.0259453
24229.7	0.0238771
24257.2	0.0242321
24284.8	0.0250512
24312.3	0.0239098
24339.8	0.0241801
24367.3	0.0235123
24394.8	0.0236151
24422.2	0.0224177
24449.7	0.0223128
24477.1	0.0228108
24504.6	0.0222875
24532.0	0.0220058
24559.4	0.0217943
24586.9	0.022004
24614.3	0.021971
24641.8	0.0206263
24669.2	0.0206182
24696.7	0.0213353
24724.1	0.0196744
24751.6	0.0205074
24779.2	0.0181813
24806.7	0.0206846
24834.2	0.0217943
24861.8	0.0190366
24889.5	0.0180837
24917.1	0.0205534
24944.8	0.0164607
24972.5	0.0206268
25000.3	0.0176439
25028.1	0.0192363
25056.0	0.0182088
25083.9	0.0181388
25111.9	0.0161481
25139.9	0.0129519
25168.1	0.0183838
25196.2	0.0188291
25224.5	0.0171629
25252.8	0.0167276
25281.3	0.0170927
25309.8	0.019501
25338.4	0.0150839
25367.1	0.021165
25395.9	0.0175382
25424.8	0.0252264
25453.8	0.0105659
25483.0	0.0169203
25512.2	0.0159249
25541.6	0.021344
25571.2	0.013734
25600.8	0.0149984
25630.6	0.0148776
25660.6	0.022744
33682.0	0.009997251239308658
46179.0	0.003782572852301025
53650.0	0.0
