# Wavelength_(Angstrom)	Flux_(cgs)
6532.28	-0.017722
6554.32	0.0170763
6576.27	0.0124599
6598.12	0.00953835
6619.9	-0.000326561
6641.6	-0.00713775
6663.25	0.0122431
6684.85	0.0150483
6706.4	-0.00306677
6727.92	0.00584832
6749.42	0.00658812
6770.9	0.000905217
6792.36	-0.00695046
6813.83	-0.000456378
6835.31	0.00927388
6856.8	0.0142236
6878.31	-0.00752478
6899.84	-0.00850627
6921.41	0.0035717
6943.03	0.00214804
6964.69	0.0108895
6986.41	0.0038457
7008.18	0.00397302
7030.03	0.00350923
7051.94	-0.0025456
7073.94	0.000301221
7096.01	0.00624191
7118.18	0.00792406
7140.44	0.00737653
7162.8	0.00910301
7185.26	0.00650938
7207.83	0.0108215
7230.52	-0.00308537
7253.32	0.00711553
7276.25	0.0103112
7299.3	0.00456501
7322.48	0.0103066
7345.8	0.00319903
7369.25	0.0119328
7392.84	0.00273568
7416.58	0.0048559
7440.47	0.0109804
7464.5	0.00132141
7488.7	0.0134053
7513.05	0.0110646
7537.56	0.00128484
7562.23	0.00965771
7587.07	0.00420262
7612.07	0.00705629
7637.25	-0.00291876
7662.59	0.00202856
7688.12	0.000327894
7713.82	0.00299542
7739.7	0.00476412
7765.75	0.00295987
7791.99	0.00656384
7818.42	0.00553588
7845.03	0.010369
7871.82	0.00979088
7898.81	0.0125233
7925.98	0.0100643
7953.34	0.00803002
7980.9	0.0103689
8008.64	0.00757634
8036.58	0.0124421
8064.71	0.0160721
8093.04	0.014804
8121.56	0.0184075
8150.28	0.0149461
8179.2	0.0137848
8208.31	0.018838
8237.62	0.0208443
8267.12	0.0220742
8296.82	0.0199166
8326.72	0.0181342
8356.82	0.0230914
8387.11	0.0185874
8417.6	0.019265
8448.29	0.0206381
8479.17	0.0183054
8510.25	0.0184956
8541.53	0.0198605
8573.0	0.0195922
8604.66	0.0172263
8636.52	0.0156023
8668.58	0.0148139
8700.82	0.0115352
8733.26	0.0146946
8765.89	0.0140683
8798.71	0.0233755
8831.72	0.019578
8864.91	0.0214027
8898.3	0.0192338
8931.87	0.0202186
8965.63	0.0223954
8999.57	0.0247542
9033.69	0.0238556
9068.0	0.025008
9102.48	0.0297352
9137.15	0.0334417
9171.99	0.0325784
9207.01	0.0335533
9242.21	0.032162
9277.58	0.0344414
9313.12	0.0367369
9348.83	0.0390678
9384.71	0.0377172
9420.76	0.0389626
9456.98	0.0443804
9493.36	0.0426053
9529.9	0.0450665
9566.6	0.0431379
9603.47	0.0442248
9640.49	0.0477979
9677.66	0.0470426
9714.99	0.0478015
9752.47	0.0508831
9790.11	0.0523778
9827.89	0.0514777
9865.81	0.046412
9903.89	0.0412761
9942.1	0.0325986
9980.46	0.0324233
10019.0	0.0366433
10057.6	0.0391867
10096.4	0.0424801
10135.3	0.0431507
10174.3	0.0450092
10213.4	0.045249
10252.7	0.0463486
10292.1	0.0465153
10331.7	0.0502809
10371.3	0.0517071
10411.1	0.0549423
10451.0	0.0566064
10491.0	0.0572693
10531.1	0.0567932
10571.3	0.0563866
10611.7	0.0571408
10652.1	0.0595151
10692.7	0.0614433
10733.3	0.064539
10774.1	0.0659852
10814.9	0.069384
10855.9	0.0744843
10896.9	0.0763667
10938.0	0.0747131
10979.3	0.0742746
11020.6	0.0758051
11062.0	0.0749316
11103.4	0.0737111
11145.0	0.0762423
11186.6	0.0763555
11228.3	0.0793643
11270.1	0.0786034
11312.0	0.0754771
11353.9	0.0706902
11395.9	0.0712382
11438.0	0.0728969
11480.1	0.0811497
11522.3	0.0823756
11564.5	0.0830874
11606.9	0.0793539
11649.2	0.0768321
11691.7	0.0745119
11734.1	0.0689747
11776.6	0.0721881
11819.2	0.0751846
11861.8	0.0773546
11904.5	0.0757689
11947.2	0.0723769
11990.0	0.0707799
12032.7	0.0715869
12075.6	0.0725891
12118.4	0.077958
12161.3	0.0823699
12204.2	0.0852638
12247.2	0.0869947
12290.2	0.0880267
12333.2	0.0860219
12376.2	0.0812074
12419.3	0.0784178
12462.3	0.0774621
12505.4	0.0812982
12548.5	0.0875183
12591.6	0.0921578
12634.8	0.0959358
12677.9	0.0992149
12721.1	0.10246
12764.2	0.10367
12807.4	0.0990251
12850.6	0.0975882
12893.8	0.100022
12937.0	0.0982074
12980.1	0.100625
13023.3	0.0996883
13066.5	0.0991666
13109.7	0.0996072
13152.8	0.0999403
13196.0	0.0991486
13239.1	0.0956475
13282.3	0.0858916
13325.4	0.075233
13368.5	0.0645285
13411.6	0.0591585
13454.7	0.0538834
13497.8	0.055224
13540.8	0.0533373
13583.8	0.0548064
13626.8	0.0564339
13669.8	0.055353
13712.8	0.0526375
13755.7	0.0541929
13798.6	0.0550908
13841.5	0.0582761
13884.4	0.057598
13927.2	0.056449
13970.0	0.0539459
14012.7	0.0506537
14055.5	0.0496951
14098.2	0.0505279
14140.8	0.0489573
14183.4	0.0476341
14226.0	0.0466614
14268.5	0.0463428
14311.1	0.0461967
14353.5	0.0487299
14395.9	0.0475332
14438.3	0.0489801
14480.7	0.0492126
14522.9	0.0513417
14565.2	0.0509944
14607.4	0.0516698
14649.5	0.0531528
14691.7	0.0508371
14733.7	0.0519273
14775.7	0.0529015
14817.7	0.0536987
14859.6	0.0542024
14901.5	0.0574218
14943.3	0.0550878
14985.0	0.0567874
15026.7	0.0593124
15068.4	0.0583618
15110.0	0.0608154
15151.5	0.0614446
15193.0	0.0628729
15234.4	0.0643872
15275.8	0.0641482
15317.1	0.0662782
15358.3	0.0656339
15399.5	0.0665491
15440.7	0.068204
15481.8	0.0689713
15522.8	0.0712123
15563.7	0.0712282
15604.6	0.0739575
15645.5	0.0732941
15686.2	0.0747988
15727.0	0.0760687
15767.6	0.076119
15808.2	0.0754216
15848.7	0.0733066
15889.2	0.0744736
15929.6	0.0752478
15969.9	0.0762027
16010.2	0.0770518
16050.4	0.0766921
16090.6	0.0766808
16130.6	0.0750145
16170.7	0.0758854
16210.6	0.0766368
16250.5	0.0760221
16290.3	0.0765622
16330.1	0.0766261
16369.8	0.0779393
16409.4	0.0789895
16449.0	0.0805868
16488.5	0.0827315
16527.9	0.0813012
16567.3	0.0831079
16606.6	0.0828659
16645.8	0.0837409
16685.0	0.0828729
16724.1	0.0825282
16763.1	0.0829268
16802.1	0.0836721
16841.0	0.0833891
16879.8	0.0828331
16918.6	0.0809596
16957.3	0.0830289
16996.0	0.081865
17034.5	0.0818044
17073.1	0.0807843
17111.5	0.0790825
17149.9	0.0771381
17188.2	0.075288
17226.5	0.0741266
17264.7	0.0728664
17302.8	0.0706029
17340.8	0.0693725
17378.8	0.067756
17416.8	0.0640492
17454.6	0.0649772
17492.4	0.0625973
17530.2	0.0610417
17567.9	0.0597085
17605.5	0.0585681
17643.0	0.057974
17680.5	0.0566803
17717.9	0.054744
17755.3	0.0533363
17792.6	0.0516113
17829.8	0.0497339
17867.0	0.0498194
17904.1	0.0489467
17941.2	0.0481879
17978.2	0.0479848
18015.1	0.0473503
18052.0	0.0475655
18088.8	0.0463187
18125.6	0.0478748
18162.3	0.0469068
18198.9	0.0480804
18235.5	0.0468184
18272.0	0.0475952
18308.5	0.0495479
18344.9	0.0492403
18381.2	0.047531
18417.5	0.0474996
18453.7	0.0440288
18489.9	0.0438665
18526.0	0.0436069
18562.1	0.0414936
18598.1	0.0395336
18634.0	0.0388482
18669.9	0.041675
18705.7	0.043876
18741.5	0.0457223
18777.2	0.0439475
18812.9	0.0423535
18848.5	0.0442541
18884.1	0.0421289
18919.6	0.044911
18955.1	0.0435282
18990.5	0.0453234
19025.8	0.0455273
19061.1	0.0481452
19096.3	0.047902
19131.5	0.048336
19166.7	0.0481146
19201.8	0.0473611
19236.8	0.0451009
19271.8	0.0459704
19306.7	0.0451977
19341.6	0.0447664
19376.4	0.0428815
19411.2	0.0417485
19446.0	0.0417622
19480.6	0.0412687
19515.3	0.0412753
19549.9	0.0417059
19584.4	0.0406783
19618.9	0.0412288
19653.3	0.0414
19687.7	0.0412283
19722.1	0.040161
19756.4	0.0391666
19790.6	0.0373411
19824.8	0.0375621
19859.0	0.0380969
19893.1	0.0376899
19927.1	0.0385883
19961.1	0.0383534
19995.1	0.0385804
20029.0	0.0387472
20062.9	0.0407582
20096.7	0.0402883
20130.5	0.0399896
20164.2	0.0409066
20197.9	0.0418614
20231.5	0.0411003
20265.1	0.0410636
20298.7	0.0407303
20332.2	0.0412704
20365.6	0.0421482
20399.0	0.0416914
20432.4	0.0429403
20465.7	0.0426615
20499.0	0.0426062
20532.2	0.0423269
20565.4	0.0441615
20598.5	0.0438404
20631.6	0.044035
20664.7	0.0442322
20697.7	0.0443088
20730.7	0.0450726
20763.6	0.0449261
20796.4	0.045848
20829.3	0.0461226
20862.0	0.0467868
20894.8	0.0471372
20927.4	0.0476487
20960.1	0.0477935
20992.7	0.0487362
21025.2	0.0480037
21057.7	0.0491967
21090.2	0.0491349
21122.6	0.0498961
21155.0	0.0498229
21187.3	0.050184
21219.6	0.0502675
21251.8	0.0506747
21284.0	0.0514311
21316.1	0.0511201
21348.2	0.0516341
21380.3	0.0515246
21412.3	0.0518362
21444.2	0.0529052
21476.1	0.0518954
21508.0	0.0518727
21539.8	0.0520986
21571.6	0.0524699
21603.3	0.0515443
21635.0	0.0525691
21666.6	0.0526571
21698.2	0.0524015
21729.7	0.0517445
21761.2	0.0518563
21792.6	0.0521288
21824.0	0.0523699
21855.3	0.0524003
21886.6	0.0521117
21917.9	0.0526053
21949.1	0.0519003
21980.2	0.0527461
22011.3	0.0522946
22042.3	0.0522285
22073.3	0.0519787
22104.3	0.0524878
22135.2	0.0524081
22166.0	0.0514724
22196.8	0.0518361
22227.6	0.0519278
22258.3	0.0521651
22288.9	0.0513729
22319.5	0.0514337
22350.0	0.0525868
22380.5	0.0509618
22411.0	0.0504377
22441.4	0.0509344
22471.7	0.0504169
22502.0	0.050425
22532.2	0.050251
22562.4	0.0500087
22592.5	0.0508362
22622.6	0.0505382
22652.7	0.0490668
22682.6	0.0492717
22712.6	0.0480962
22742.4	0.0486225
22772.3	0.0487412
22802.0	0.0476116
22831.8	0.0474679
22861.4	0.049473
22891.0	0.0484198
22920.6	0.0442465
22950.1	0.0413682
22979.6	0.038962
23009.0	0.0390388
23038.3	0.0410601
23067.6	0.0404666
23096.9	0.0411112
23126.1	0.0409561
23155.2	0.0402107
23184.3	0.0388662
23213.4	0.0394647
23242.4	0.0368152
23271.3	0.0364546
23300.2	0.0363393
23329.1	0.0373525
23357.9	0.0370146
23386.6	0.0383768
23415.3	0.0378603
23444.0	0.0376711
23472.6	0.0376537
23501.1	0.0377994
23529.6	0.0360597
23558.1	0.0349758
23586.5	0.0346817
23614.9	0.0351106
23643.2	0.0350333
23671.5	0.0353154
23699.7	0.0374229
23727.9	0.036533
23756.1	0.0343466
23784.2	0.0363787
23812.3	0.0347853
23840.3	0.034003
23868.3	0.0338187
23896.3	0.0340803
23924.2	0.0339704
23952.1	0.0344821
23979.9	0.0344066
24007.7	0.0325469
24035.5	0.0329639
24063.2	0.0316118
24091.0	0.0319533
24118.6	0.0303304
24146.3	0.0316473
24173.9	0.0311686
24201.5	0.0305416
24229.1	0.029935
24256.7	0.0290689
24284.2	0.0299466
24311.8	0.0297012
24339.3	0.0290494
24366.7	0.0277757
24394.2	0.028642
24421.7	0.0274371
24449.1	0.0275725
24476.6	0.0268291
24504.0	0.0279748
24531.5	0.0257935
24558.9	0.0251509
24586.3	0.0278108
24613.8	0.0265067
24641.2	0.0262515
24668.7	0.0262584
24696.1	0.0241359
24723.6	0.0243367
24751.1	0.0233978
24778.6	0.0239685
24806.2	0.023632
24833.7	0.0248407
24861.3	0.0229162
24888.9	0.023096
24916.6	0.022704
24944.3	0.0233501
24972.0	0.0228458
24999.8	0.0236581
25027.6	0.0215129
25055.4	0.021987
25083.4	0.0212117
25111.4	0.0207231
25139.4	0.0201527
25167.5	0.0226339
25195.7	0.0236697
25224.0	0.0235416
25252.3	0.0206702
25280.7	0.0204653
25309.2	0.0247756
25337.8	0.0181278
25366.5	0.0249515
25395.3	0.0195024
25424.2	0.0230665
25453.3	0.0195552
25482.4	0.0224339
25511.7	0.0229864
25541.1	0.0232776
25570.6	0.0297149
25600.3	0.0225789
25630.1	0.0272425
33682.0	0.014725681832382221
46179.0	0.0056752122373966716
53650.0	0.0
