# Wavelength_(Angstrom)	Flux_(cgs)
6555.29	0.0106661
6577.23	0.00110714
6599.08	0.00669461
6620.86	0.00031656
6642.56	-0.00075221
6664.2	0.00268655
6685.8	0.0024674
6707.35	0.00376002
6728.87	0.00322993
6750.37	0.00502495
6771.84	0.00528065
6793.31	0.00417161
6814.78	0.00447345
6836.26	0.00525703
6857.74	0.00277729
6879.26	0.0052122
6900.79	0.00261872
6922.37	0.00533997
6943.98	0.00461873
6965.65	0.00706175
6987.37	0.00632509
7009.15	0.00502557
7030.99	0.00558524
7052.91	0.00592309
7074.91	0.00526857
7096.99	0.00583945
7119.16	0.00497682
7141.43	0.00572279
7163.79	0.00570779
7186.26	0.00593269
7208.83	0.00591988
7231.52	0.00705482
7254.33	0.00785661
7277.26	0.00718961
7300.32	0.00937265
7323.51	0.0119766
7346.83	0.0123612
7370.29	0.0123266
7393.89	0.0120937
7417.63	0.0123077
7441.52	0.011063
7465.57	0.0112223
7489.77	0.012234
7514.12	0.0122789
7538.64	0.013396
7563.32	0.0143808
7588.16	0.012353
7613.18	0.0124208
7638.36	0.00808913
7663.72	0.0077664
7689.25	0.00699427
7714.95	0.00819801
7740.84	0.00973928
7766.91	0.00997405
7793.15	0.0113146
7819.59	0.0117476
7846.2	0.0122245
7873.01	0.0117884
7900.0	0.0123204
7927.18	0.0124422
7954.55	0.0129559
7982.11	0.0130383
8009.87	0.0148595
8037.82	0.0181238
8065.96	0.0210478
8094.3	0.0250919
8122.83	0.0287167
8151.55	0.0303842
8180.48	0.0313627
8209.6	0.0324255
8238.91	0.0318022
8268.43	0.0319754
8298.14	0.0312799
8328.05	0.0302351
8358.15	0.0293066
8388.45	0.0297943
8418.95	0.0265624
8449.65	0.0233196
8480.54	0.0210074
8511.63	0.0202302
8542.91	0.0216548
8574.39	0.0224581
8606.06	0.0238274
8637.93	0.0247332
8669.99	0.0242537
8702.25	0.0259771
8734.69	0.0278613
8767.33	0.030433
8800.16	0.0339598
8833.17	0.0349449
8866.38	0.0354394
8899.77	0.0357154
8933.35	0.037132
8967.12	0.041181
9001.07	0.0429069
9035.2	0.0454426
9069.51	0.0470537
9104.01	0.0508116
9138.68	0.0564218
9173.53	0.0576337
9208.56	0.0575445
9243.76	0.0563736
9279.14	0.0547446
9314.69	0.0548732
9350.41	0.0554437
9386.3	0.0563692
9422.36	0.0589048
9458.58	0.0627522
9494.97	0.0659271
9531.51	0.0652581
9568.22	0.0656582
9605.09	0.065472
9642.12	0.0666094
9679.3	0.0682137
9716.64	0.069778
9754.13	0.0718101
9791.77	0.0727307
9829.56	0.0734247
9867.49	0.0688769
9905.57	0.0644886
9943.79	0.061323
9982.15	0.0609689
10020.7	0.0625228
10059.3	0.0653599
10098.1	0.068503
10137.0	0.0713818
10176.0	0.0725527
10215.2	0.071877
10254.5	0.0717085
10293.9	0.0720078
10333.4	0.0747079
10373.1	0.0777928
10412.9	0.0806812
10452.8	0.0806358
10492.8	0.0788444
10532.9	0.0754218
10573.1	0.0738353
10613.5	0.074824
10653.9	0.0780262
10694.5	0.0816051
10735.1	0.0845415
10775.9	0.0878814
10816.7	0.0910571
10857.7	0.0958453
10898.7	0.0975659
10939.9	0.0978788
10981.1	0.0967331
11022.4	0.0969229
11063.8	0.0952043
11105.3	0.0943667
11146.8	0.0952354
11188.5	0.096167
11230.2	0.0963837
11272.0	0.0967342
11313.8	0.0918681
11355.8	0.0873661
11397.8	0.086826
11439.8	0.0897179
11482.0	0.0959391
11524.2	0.0997636
11566.4	0.100024
11608.7	0.0990689
11651.1	0.0951682
11693.5	0.0924817
11736.0	0.0886991
11778.5	0.0892723
11821.1	0.0890014
11863.7	0.0899421
11906.4	0.0897541
11949.1	0.0854568
11991.8	0.0843381
12034.6	0.0841833
12077.5	0.0870774
12120.3	0.0902779
12163.2	0.0923859
12206.1	0.0962734
12249.1	0.0969145
12292.1	0.0975491
12335.1	0.0953653
12378.1	0.0907982
12421.2	0.0880485
12464.2	0.0858688
12507.3	0.0879767
12550.4	0.0911864
12593.5	0.0944595
12636.7	0.0975342
12679.8	0.0993282
12723.0	0.10103
12766.2	0.101209
12809.3	0.0996684
12852.5	0.0987892
12895.7	0.0996942
12938.9	0.0996422
12982.0	0.0998583
13025.2	0.09983
13068.4	0.0997979
13111.6	0.099962
13154.7	0.100519
13197.9	0.0998041
13241.0	0.0995764
13284.2	0.0944572
13327.3	0.086992
13370.4	0.0794078
13413.5	0.0741463
13456.6	0.07288
13499.7	0.0719422
13542.7	0.0723975
13585.7	0.0724142
13628.7	0.0722762
13671.7	0.0696414
13714.7	0.067512
13757.6	0.0675437
13800.5	0.0669065
13843.4	0.0696786
13886.3	0.0689599
13929.1	0.0659595
13971.9	0.0654632
14014.6	0.0642318
14057.3	0.0618411
14100.0	0.0618107
14142.7	0.05998
14185.3	0.0594353
14227.9	0.0596614
14270.4	0.0592076
14312.9	0.059629
14355.4	0.0599279
14397.8	0.0599704
14440.2	0.0603275
14482.5	0.0610237
14524.8	0.0613487
14567.1	0.0614253
14609.3	0.0614331
14651.4	0.0609145
14693.5	0.0605463
14735.6	0.0602322
14777.6	0.0598946
14819.5	0.0599047
14861.4	0.0602956
14903.3	0.0608584
14945.1	0.0618464
14986.9	0.0622108
15028.6	0.063025
15070.2	0.0637366
15111.8	0.0634911
15153.3	0.0634674
15194.8	0.0644668
15236.2	0.0649734
15277.6	0.0662637
15318.9	0.0668135
15360.2	0.0669776
15401.3	0.0674646
15442.5	0.0676756
15483.6	0.0684388
15524.6	0.0687288
15565.5	0.0690209
15606.4	0.0695725
15647.3	0.0695335
15688.0	0.0698445
15728.7	0.0703258
15769.4	0.0703887
15810.0	0.0704654
15850.5	0.0692462
15891.0	0.0683595
15931.4	0.0691072
15971.7	0.0703751
16012.0	0.0708054
16052.2	0.0708476
16092.3	0.0692801
16132.4	0.0686484
16172.4	0.0690943
16212.4	0.0697458
16252.3	0.0688113
16292.1	0.069259
16331.8	0.0694798
16371.5	0.0697623
16411.2	0.0703572
16450.7	0.0709646
16490.2	0.072564
16529.6	0.0723773
16569.0	0.0717755
16608.3	0.0719604
16647.5	0.0718561
16686.7	0.0715745
16725.8	0.0716839
16764.8	0.0723557
16803.8	0.0728936
16842.7	0.0723949
16881.5	0.0725603
16920.3	0.0712911
16959.0	0.0709112
16997.7	0.0701008
17036.2	0.0704958
17074.8	0.0699475
17113.2	0.0685676
17151.6	0.067409
17189.9	0.0669159
17228.1	0.0654935
17266.3	0.0649572
17304.5	0.0640161
17342.5	0.0629317
17380.5	0.0617495
17418.4	0.0616733
17456.3	0.0604656
17494.1	0.0595456
17531.8	0.0579721
17569.5	0.0570526
17607.1	0.0564099
17644.7	0.0553631
17682.2	0.0543857
17719.6	0.0530584
17757.0	0.0525172
17794.3	0.0511569
17831.5	0.0506802
17868.7	0.0504858
17905.8	0.0486969
17942.8	0.0490735
17979.8	0.048754
18016.8	0.0480861
18053.6	0.047567
18090.4	0.0468313
18127.2	0.0471964
18163.9	0.0473613
18200.5	0.0472529
18237.1	0.0477757
18273.6	0.0480983
18310.1	0.0495335
18346.5	0.0490402
18382.8	0.046204
18419.1	0.0470293
18455.3	0.0425999
18491.5	0.0444513
18527.6	0.0457755
18563.7	0.0421212
18599.7	0.0417553
18635.6	0.0414926
18671.5	0.0410972
18707.3	0.0436117
18743.1	0.0400607
18778.8	0.0391646
18814.5	0.0400103
18850.1	0.0425291
18885.7	0.0427799
18921.2	0.043192
18956.6	0.0456531
18992.0	0.0442949
19027.4	0.0457685
19062.7	0.0447822
19097.9	0.043554
19133.1	0.0417346
19168.2	0.0427953
19203.3	0.0409761
19238.3	0.0415497
19273.3	0.0403019
19308.3	0.0405328
19343.1	0.0405278
19378.0	0.0394522
19412.8	0.0390716
19447.5	0.0371558
19482.2	0.0368716
19516.8	0.0371818
19551.4	0.0381944
19585.9	0.0400211
19620.4	0.0394048
19654.8	0.039193
19689.2	0.038818
19723.6	0.0373438
19757.9	0.0354165
19792.1	0.034351
19826.3	0.0345988
19860.5	0.0348159
19894.6	0.0352732
19928.6	0.0361405
19962.6	0.0369
19996.6	0.0378129
20030.5	0.0374962
20064.4	0.0374163
20098.2	0.0371032
20132.0	0.036883
20165.7	0.0361496
20199.4	0.0362121
20233.0	0.0356257
20266.6	0.0358591
20300.1	0.0361328
20333.6	0.0362859
20367.1	0.0363191
20400.5	0.0362396
20433.9	0.0364219
20467.2	0.0367839
20500.5	0.0366401
20533.7	0.0372952
20566.9	0.0371466
20600.0	0.0370655
20633.1	0.036685
20666.1	0.0370166
20699.1	0.0371695
20732.1	0.0368046
20765.0	0.0368361
20797.9	0.0374079
20830.7	0.03704
20863.5	0.0375171
20896.2	0.0380845
20928.9	0.0379897
20961.5	0.0378428
20994.1	0.038052
21026.7	0.0382852
21059.2	0.038318
21091.6	0.0384016
21124.0	0.0389455
21156.4	0.0388035
21188.7	0.0391047
21221.0	0.0396375
21253.2	0.0392209
21285.4	0.0390943
21317.6	0.0394458
21349.6	0.0396243
21381.7	0.0394572
21413.7	0.0397107
21445.6	0.0400795
21477.5	0.0400152
21509.4	0.0401557
21541.2	0.0399784
21573.0	0.0402494
21604.7	0.0397848
21636.4	0.040408
21668.0	0.040522
21699.6	0.0404611
21731.1	0.0399207
21762.6	0.0398912
21794.0	0.0399174
21825.4	0.0401928
21856.7	0.0404776
21888.0	0.0403884
21919.2	0.0399223
21950.4	0.0408211
21981.6	0.0404306
22012.7	0.0401572
22043.7	0.0391285
22074.7	0.0384084
22105.6	0.0387158
22136.5	0.0394951
22167.4	0.0402842
22198.2	0.0401129
22228.9	0.0404527
22259.6	0.0402122
22290.3	0.0401951
22320.8	0.0400689
22351.4	0.0397074
22381.9	0.0400526
22412.3	0.0398784
22442.7	0.0399648
22473.0	0.0397994
22503.3	0.0400088
22533.6	0.0397696
22563.7	0.0395885
22593.9	0.039627
22624.0	0.0393469
22654.0	0.0388372
22684.0	0.0387916
22713.9	0.0385787
22743.8	0.0387508
22773.6	0.0385229
22803.3	0.0387588
22833.1	0.0381718
22862.7	0.0382783
22892.3	0.0382312
22921.9	0.0363431
22951.4	0.0337636
22980.9	0.0325495
23010.3	0.0322252
23039.6	0.0332259
23068.9	0.0335674
23098.2	0.0335236
23127.4	0.0334228
23156.5	0.0335207
23185.6	0.0329082
23214.7	0.0316058
23243.7	0.0301646
23272.6	0.0294669
23301.5	0.0294426
23330.3	0.0298544
23359.1	0.0302908
23387.9	0.0302901
23416.6	0.0306151
23445.2	0.0307517
23473.8	0.0312455
23502.4	0.0304211
23530.9	0.0292579
23559.4	0.0281913
23587.8	0.0276316
23616.1	0.0280878
23644.5	0.0285108
23672.7	0.0289128
23701.0	0.0291198
23729.2	0.0292015
23757.3	0.0290622
23785.4	0.0286063
23813.5	0.0277351
23841.5	0.0273286
23869.5	0.0268904
23897.5	0.0265892
23925.4	0.0267216
23953.3	0.0269785
23981.1	0.0265542
24008.9	0.0262904
24036.7	0.026519
24064.5	0.025897
24092.2	0.0254748
24119.9	0.0249808
24147.5	0.0249977
24175.2	0.0248964
24202.8	0.0246372
24230.3	0.024225
24257.9	0.0237173
24285.4	0.0238091
24313.0	0.0238941
24340.5	0.0235138
24368.0	0.0230321
24395.4	0.0226457
24422.9	0.0228861
24450.4	0.0227265
24477.8	0.0227958
24505.2	0.0219193
24532.7	0.0214447
24560.1	0.0213844
24587.6	0.0216629
24615.0	0.0211578
24642.4	0.021262
24669.9	0.0208073
24697.4	0.0210684
24724.8	0.0202599
24752.3	0.0199345
24779.8	0.0203218
24807.4	0.0199078
24834.9	0.0197869
24862.5	0.0191947
24890.1	0.0192094
24917.8	0.0195216
24945.5	0.0186167
24973.2	0.0184579
25001.0	0.0185808
25028.8	0.0189218
25056.7	0.0192167
25084.6	0.0198785
25112.6	0.0181157
25140.6	0.018904
25168.8	0.0187153
25196.9	0.0174069
25225.2	0.0183465
25253.5	0.0180671
25282.0	0.0175691
25310.5	0.0176842
25339.1	0.019897
25367.8	0.0177833
25396.6	0.0172507
25425.5	0.0186101
25454.5	0.0165113
25483.7	0.0238171
25513.0	0.0164874
25542.4	0.0168801
25571.9	0.0160623
25601.6	0.0152355
25631.4	0.0149027
25661.4	0.0155394
25691.5	0.0108026
33682.0	0.009639017766980522
46179.0	0.003647031174415994
53650.0	0.0
