# Wavelength_(Angstrom)	Flux_(cgs)
6480.62	0.0635323
6502.92	0.0331099
6525.11	-0.0428769
6547.18	0.0865832
6569.16	0.090734
6591.04	0.0398735
6612.84	0.0597634
6634.57	0.0829969
6656.23	0.0149753
6677.85	-0.0189441
6699.41	-0.0397273
6720.94	0.0386825
6742.45	0.0785497
6763.93	0.0404445
6785.4	0.0187066
6806.87	-0.0292286
6828.34	0.00458641
6849.82	-0.00330178
6871.33	0.0228588
6892.85	0.0118806
6914.41	-0.00561323
6936.01	0.0273531
6957.66	0.0169513
6979.36	0.0113448
7001.11	0.0002522
7022.93	0.0336426
7044.83	-0.000221979
7066.79	0.0257305
7088.84	0.0306033
7110.98	0.0329162
7133.21	0.0367317
7155.54	0.0374579
7177.96	0.0170867
7200.5	-0.00627459
7223.15	0.0390211
7245.91	0.000887089
7268.8	0.0255833
7291.81	0.0319369
7314.95	0.00608482
7338.22	0.0104156
7361.62	0.0299426
7385.17	0.00706014
7408.86	0.0167303
7432.7	0.00337511
7456.69	0.0256493
7480.83	0.026917
7505.13	0.00954375
7529.59	0.00784241
7554.21	0.013862
7578.99	0.00724264
7603.94	0.00426904
7629.06	0.00731896
7654.35	0.0146198
7679.82	0.00601657
7705.46	-0.000182109
7731.28	-0.00526906
7757.28	-0.00758114
7783.46	0.0198892
7809.83	-0.0100146
7836.37	-0.000123086
7863.11	0.00720654
7890.03	0.00325072
7917.14	0.0315908
7944.44	0.00567878
7971.94	0.00716213
7999.62	0.0122069
8027.5	0.00556808
8055.57	0.0119903
8083.83	0.0183511
8112.29	0.0159541
8140.95	0.0185277
8169.8	0.0144772
8198.84	0.0171961
8228.09	0.0165526
8257.53	0.0186579
8287.17	0.00919017
8317.0	0.0183143
8347.04	0.0207915
8377.26	0.0131182
8407.69	0.0112051
8438.31	0.0182465
8469.13	0.0113373
8500.15	0.0134342
8531.36	0.0178253
8562.77	0.0128618
8594.37	0.0124253
8626.17	0.00918865
8658.16	0.00745781
8690.34	0.0162608
8722.71	0.00879657
8755.28	0.0137806
8788.04	0.00815138
8820.99	0.0147799
8854.12	0.0152295
8887.45	0.0225431
8920.96	0.0212287
8954.65	0.00962982
8988.54	0.0206896
9022.6	0.0192101
9056.85	0.0252504
9091.28	0.0216799
9125.88	0.0266507
9160.67	0.0303114
9195.63	0.0292956
9230.77	0.030391
9266.09	0.0217661
9301.57	0.0295213
9337.23	0.0337457
9373.06	0.0362847
9409.05	0.0358052
9445.21	0.0443223
9481.54	0.0407996
9518.03	0.0393634
9554.68	0.0473863
9591.49	0.0408546
9628.46	0.0404455
9665.59	0.0443032
9702.87	0.0521953
9740.3	0.0508262
9777.88	0.0552739
9815.61	0.0530375
9853.49	0.0533109
9891.52	0.0427847
9929.69	0.0397767
9968.0	0.0331402
10006.4	0.0329037
10045.0	0.0340608
10083.8	0.0370739
10122.6	0.0401494
10161.6	0.0437499
10200.7	0.0417284
10240.0	0.0493685
10279.3	0.049296
10318.8	0.049043
10358.5	0.0524817
10398.2	0.0517583
10438.0	0.0545607
10478.0	0.0575926
10518.1	0.0559817
10558.3	0.0529898
10598.6	0.058963
10639.0	0.0550309
10679.5	0.0589457
10720.1	0.0656042
10760.8	0.0638322
10801.7	0.0660279
10842.6	0.0690435
10883.6	0.0742202
10924.7	0.0712905
10965.9	0.0708666
11007.2	0.0713611
11048.5	0.0672833
11090.0	0.0699628
11131.5	0.0686326
11173.1	0.0721447
11214.8	0.0731379
11256.6	0.073578
11298.4	0.0741314
11340.3	0.0732188
11382.3	0.0702214
11424.3	0.0657121
11466.4	0.0737392
11508.6	0.083497
11550.8	0.0787078
11593.1	0.0767352
11635.5	0.0725861
11677.9	0.0674285
11720.3	0.0678719
11762.8	0.0671247
11805.4	0.0702043
11848.0	0.0736474
11890.7	0.0770859
11933.4	0.0774376
11976.1	0.0707881
12018.9	0.0708142
12061.7	0.0695132
12104.5	0.0781996
12147.4	0.083475
12190.3	0.0795232
12233.3	0.0883135
12276.2	0.086735
12319.2	0.0902247
12362.2	0.0867956
12405.3	0.0793692
12448.4	0.0802119
12491.4	0.0775471
12534.5	0.0834297
12577.7	0.088837
12620.8	0.0971157
12663.9	0.0988201
12707.1	0.101327
12750.2	0.100821
12793.4	0.101383
12836.6	0.0977093
12879.8	0.101242
12922.9	0.0988982
12966.1	0.0986433
13009.3	0.0987263
13052.5	0.0991418
13095.7	0.0977504
13138.8	0.102685
13182.0	0.102999
13225.1	0.0989271
13268.3	0.088644
13311.4	0.0774189
13354.5	0.0644848
13397.6	0.0542962
13440.7	0.0493231
13483.8	0.0471407
13526.9	0.0422248
13569.9	0.0429699
13612.9	0.0415528
13655.9	0.0420283
13698.9	0.0492387
13741.8	0.0499417
13784.7	0.04963
13827.6	0.0465715
13870.5	0.052698
13913.3	0.047919
13956.1	0.0423179
13998.9	0.0406961
14041.6	0.0454579
14084.3	0.0447874
14127.0	0.0384582
14169.6	0.0456544
14212.2	0.0397902
14254.8	0.0404374
14297.3	0.043083
14339.7	0.03757
14382.2	0.0401769
14424.6	0.0419194
14466.9	0.0444536
14509.2	0.042814
14551.5	0.0408763
14593.7	0.0493868
14635.9	0.0482683
14678.0	0.0483023
14720.1	0.0482885
14762.1	0.0512703
14804.1	0.0497338
14846.0	0.0477
14887.9	0.0529218
14929.7	0.0567746
14971.5	0.0566465
15013.2	0.0575143
15054.9	0.0553964
15096.5	0.0605379
15138.0	0.0572354
15179.5	0.0607879
15221.0	0.0659824
15262.4	0.0706397
15303.7	0.0651901
15345.0	0.0667947
15386.2	0.0721594
15427.3	0.0705544
15468.4	0.0711891
15509.5	0.0751394
15550.4	0.0766831
15591.4	0.0760731
15632.2	0.0759895
15673.0	0.077803
15713.8	0.0800004
15754.4	0.0821078
15795.0	0.079098
15835.6	0.0792812
15876.1	0.076988
15916.5	0.0791331
15956.8	0.0802906
15997.1	0.0810873
16037.4	0.0823995
16077.5	0.0824893
16117.6	0.077554
16157.7	0.0790123
16197.7	0.0791551
16237.6	0.0779448
16277.4	0.0794756
16317.2	0.078978
16356.9	0.0790504
16396.6	0.0817866
16436.1	0.0810153
16475.7	0.086623
16515.1	0.0839507
16554.5	0.0852482
16593.8	0.0879734
16633.1	0.0854156
16672.3	0.0850096
16711.4	0.0859285
16750.5	0.0821621
16789.4	0.0862057
16828.4	0.0848653
16867.2	0.0864349
16906.0	0.0845884
16944.8	0.0736929
16983.4	0.0833564
17022.0	0.0838241
17060.6	0.0846204
17099.0	0.0808537
17137.4	0.0836584
17175.8	0.0793131
17214.1	0.0766261
17252.3	0.0740944
17290.4	0.071246
17328.5	0.0696062
17366.5	0.0682532
17404.5	0.0669778
17442.4	0.0644884
17480.2	0.0632273
17517.9	0.0633522
17555.6	0.0585863
17593.3	0.0570794
17630.9	0.0570734
17668.4	0.0557346
17705.8	0.0524251
17743.2	0.0500977
17780.5	0.0510859
17817.8	0.0489341
17855.0	0.0472679
17892.1	0.0452873
17929.2	0.0434071
17966.2	0.0450708
18003.2	0.0460305
18040.1	0.0432939
18076.9	0.047196
18113.7	0.0378325
18150.4	0.0456243
18187.0	0.0408686
18223.6	0.0427279
18260.2	0.0437499
18296.6	0.0448184
18333.1	0.0419774
18369.4	0.0417424
18405.7	0.0391187
18442.0	0.0382673
18478.2	0.0380798
18514.3	0.0369224
18550.4	0.0416714
18586.4	0.0381951
18622.4	0.0347792
18658.3	0.0347733
18694.1	0.03319
18729.9	0.0332613
18765.7	0.0355599
18801.4	0.0376377
18837.0	0.0378726
18872.6	0.0407721
18908.1	0.0367124
18943.6	0.0404583
18979.0	0.0435531
19014.3	0.04065
19049.7	0.0425721
19084.9	0.0437211
19120.1	0.0425254
19155.3	0.0429726
19190.4	0.0435215
19225.4	0.0430953
19260.4	0.0451975
19295.4	0.0423957
19330.3	0.04095
19365.2	0.03753
19400.0	0.0360239
19434.7	0.0387232
19469.4	0.0376365
19504.1	0.0364761
19538.7	0.0381966
19573.2	0.0376733
19607.7	0.0345896
19642.2	0.040067
19676.6	0.0360364
19710.9	0.037694
19745.2	0.0330493
19779.5	0.0369859
19813.7	0.0352821
19847.9	0.0362335
19882.0	0.037222
19916.1	0.0362814
19950.1	0.0388423
19984.1	0.0371154
20018.0	0.0401786
20051.9	0.038931
20085.7	0.0408827
20119.5	0.0375249
20153.3	0.0362441
20187.0	0.0399953
20220.6	0.0395802
20254.2	0.040188
20287.8	0.0391366
20321.3	0.0435713
20354.8	0.0424294
20388.2	0.043578
20421.6	0.0404936
20454.9	0.0425753
20488.2	0.0425562
20521.5	0.0449052
20554.6	0.0446568
20587.8	0.0421595
20620.9	0.0460704
20654.0	0.0449824
20687.0	0.0465035
20720.0	0.0482222
20752.9	0.0471462
20785.8	0.0457319
20818.6	0.0473361
20851.4	0.0482778
20884.1	0.0491557
20916.8	0.0496979
20949.5	0.0498971
20982.1	0.0497328
21014.7	0.0502637
21047.2	0.0499898
21079.7	0.0507137
21112.1	0.0536789
21144.5	0.0523689
21176.8	0.0518206
21209.1	0.0543146
21241.4	0.0543244
21273.6	0.0519661
21305.7	0.0536051
21337.8	0.052601
21369.9	0.0525795
21401.9	0.0521689
21433.9	0.0531891
21465.8	0.0529165
21497.7	0.0549028
21529.5	0.0524994
21561.3	0.0548055
21593.0	0.0528157
21624.7	0.0530468
21656.3	0.0525209
21687.9	0.0509346
21719.5	0.0528855
21751.0	0.0526702
21782.4	0.0527792
21813.8	0.052674
21845.2	0.05298
21876.5	0.0519101
21907.7	0.0515865
21938.9	0.0519572
21970.1	0.051907
22001.2	0.0493695
22032.3	0.0534104
22063.3	0.0503927
22094.2	0.0536011
22125.2	0.0477325
22156.0	0.0488451
22186.8	0.0497603
22217.6	0.048578
22248.3	0.0517843
22279.0	0.0497528
22309.6	0.0471441
22340.1	0.0504519
22370.6	0.0489283
22401.1	0.0499363
22431.5	0.0486321
22461.9	0.0477604
22492.2	0.0495498
22522.4	0.0476404
22552.6	0.0482278
22582.8	0.0475254
22612.9	0.0479245
22642.9	0.0485456
22672.9	0.0452548
22702.9	0.048434
22732.8	0.0478351
22762.6	0.0465124
22792.4	0.0465464
22822.1	0.0474353
22851.8	0.0437167
22881.4	0.0440705
22911.0	0.0451871
22940.5	0.0413101
22970.0	0.0384833
22999.4	0.0357075
23028.8	0.0374096
23058.1	0.039881
23087.4	0.0391729
23116.6	0.0371567
23145.8	0.0373747
23174.9	0.0364314
23204.0	0.0379596
23233.0	0.0367511
23261.9	0.0342898
23290.9	0.0331718
23319.7	0.0354355
23348.5	0.0357623
23377.3	0.0345518
23406.0	0.0352691
23434.7	0.0352383
23463.3	0.0362395
23491.9	0.0361711
23520.4	0.0360881
23548.9	0.0349783
23577.3	0.0327139
23605.7	0.0346056
23634.0	0.0343507
23662.3	0.0366475
23690.6	0.0323447
23718.8	0.0347094
23747.0	0.035035
23775.1	0.0342261
23803.2	0.0341919
23831.2	0.0312524
23859.2	0.0331828
23887.2	0.033714
23915.1	0.0344696
23943.0	0.0326136
23970.9	0.0333905
23998.7	0.0325189
24026.5	0.0294175
24054.2	0.034654
24082.0	0.0317676
24109.7	0.0309302
24137.3	0.0353356
24165.0	0.0297096
24192.6	0.0302076
24220.2	0.0311586
24247.7	0.0288809
24275.3	0.0308447
24302.8	0.0292494
24330.3	0.0289554
24357.8	0.0266873
24385.3	0.0241004
24412.8	0.0281408
24440.2	0.0331494
24467.7	0.0288352
24495.1	0.0263256
24522.6	0.026416
24550.0	0.0232966
24577.4	0.025516
24604.9	0.0280162
24632.3	0.025607
24659.8	0.0265836
24687.2	0.0227342
24714.7	0.023796
24742.2	0.0272401
24769.7	0.0245761
24797.2	0.0228797
24824.8	0.0230411
24852.4	0.0224869
24880.0	0.0238916
24907.6	0.0195474
24935.3	0.0192973
24963.0	0.0230022
24990.7	0.02216
25018.5	0.0200845
25046.4	0.0273424
25074.3	0.0227523
25102.3	0.0218324
25130.3	0.0181112
25158.4	0.0221514
25186.5	0.0162643
25214.8	0.0110731
25243.1	0.0187928
25271.5	0.0178549
25300.0	0.0180623
25328.5	0.0150054
25357.2	0.0113141
25386.0	0.0219602
25414.8	0.0163014
25443.8	0.0143121
25472.9	0.0391754
25502.2	0.0203768
25531.5	0.00104724
25561.0	0.0197358
33682.0	0.017021162744780098
46179.0	0.006743663928310707
53650.0	0.0
