# Wavelength_(Angstrom)	Flux_(cgs)
6536.48	-0.0547133
6558.5	0.0154176
6580.43	0.0173783
6602.26	0.0102211
6624.03	-0.00287999
6645.72	-0.0154512
6667.36	0.0121715
6688.95	0.0076026
6710.49	-0.0191381
6732.01	-0.00444117
6753.5	0.0202353
6774.98	-0.00154138
6796.44	-0.00903493
6817.91	-0.00819868
6839.39	-0.00610313
6860.88	-0.00839286
6882.4	-0.0173169
6903.94	0.0062871
6925.52	-0.00410028
6947.14	0.00435149
6968.81	0.00148376
6990.54	0.0125815
7012.33	-0.00506126
7034.19	0.00533916
7056.12	-0.00858135
7078.12	0.0001822
7100.22	-0.0056544
7122.4	0.0146965
7144.68	0.00300867
7167.06	-0.00054439
7189.54	0.00116682
7212.14	0.00948822
7234.84	0.00681573
7257.67	-0.00412551
7280.62	-0.00329688
7303.69	0.0134759
7326.9	0.00180808
7350.24	-0.00500745
7373.72	-0.00434628
7397.34	0.00323153
7421.11	-0.000255009
7445.02	-0.00347766
7469.09	-0.00431966
7493.31	-0.00369704
7517.69	-0.00398716
7542.23	-0.00227311
7566.93	-0.00691839
7591.8	-0.0120932
7616.84	-0.00861131
7642.05	-0.00476554
7667.43	-0.00730037
7692.99	-0.00655184
7718.72	-0.00685825
7744.63	-0.00364576
7770.72	-0.00978608
7797.0	-0.00404577
7823.46	-0.00596196
7850.1	0.00102364
7876.93	-0.00136592
7903.95	-0.004744
7931.16	-0.000106933
7958.56	-0.00359053
7986.15	-0.00138343
8013.94	0.00192626
8041.91	0.000256857
8070.08	-0.00479204
8098.45	-0.00680209
8127.01	-0.00331227
8155.76	-0.00831456
8184.71	0.0020366
8213.86	-0.00515814
8243.21	-0.00281427
8272.75	-0.00380058
8302.49	-0.00381711
8332.43	-0.00230117
8362.56	-0.00197606
8392.89	-0.000522858
8423.42	-0.00197086
8454.14	0.000432234
8485.06	0.00183079
8516.18	0.00210864
8547.49	-0.000745067
8579.0	0.00294676
8610.7	0.00564139
8642.6	0.00228693
8674.69	0.00260478
8706.97	0.00447394
8739.44	0.00157905
8772.11	0.00373411
8804.96	0.00406504
8838.01	0.00384536
8871.24	0.00541062
8904.66	0.00393916
8938.27	0.00296539
8972.06	0.00619902
9006.04	0.00553855
9040.2	0.00543679
9074.54	0.00726074
9109.06	0.00773215
9143.76	0.00707418
9178.63	0.00796807
9213.69	0.00869925
9248.92	0.0100271
9284.32	0.00393748
9319.89	0.00363082
9355.64	0.00812448
9391.55	0.00933683
9427.63	0.00834287
9463.88	0.0110103
9500.29	0.0095738
9536.86	0.0087065
9573.6	0.00930127
9610.49	0.00809235
9647.54	0.00804802
9684.74	0.0138003
9722.1	0.016092
9759.61	0.0165434
9797.27	0.01834
9835.08	0.0202087
9873.04	0.0222384
9911.14	0.023142
9949.38	0.0248635
9987.76	0.0271015
10026.3	0.0287253
10064.9	0.029979
10103.7	0.0343586
10142.7	0.0362531
10181.7	0.0364922
10220.9	0.0407007
10260.2	0.0422808
10299.6	0.0493095
10339.2	0.0514392
10378.9	0.052598
10418.7	0.0555204
10458.6	0.0577485
10498.6	0.0592425
10538.8	0.063364
10579.0	0.0647273
10619.4	0.0671328
10659.8	0.0688343
10700.4	0.0708893
10741.1	0.0729564
10781.8	0.0745332
10822.7	0.0727655
10863.7	0.0675325
10904.7	0.058228
10945.9	0.0451691
10987.1	0.0338153
11028.4	0.0277044
11069.8	0.0203881
11111.3	0.0159015
11152.9	0.0105354
11194.5	0.0115623
11236.3	0.0109375
11278.1	0.0102111
11319.9	0.012487
11361.9	0.00925417
11403.9	0.00973597
11446.0	0.00850326
11488.1	0.00955004
11530.3	0.00794596
11572.6	0.00967171
11614.9	0.00840425
11657.3	0.00987013
11699.7	0.0103399
11742.2	0.011563
11784.7	0.0140489
11827.3	0.0178735
11869.9	0.0205636
11912.6	0.024245
11955.3	0.0312736
11998.1	0.0347443
12040.9	0.0403821
12083.7	0.0444804
12126.6	0.0497125
12169.5	0.0569171
12212.4	0.0625545
12255.4	0.067964
12298.3	0.0720963
12341.4	0.0759218
12384.4	0.0804329
12427.4	0.0841593
12470.5	0.0892733
12513.6	0.094241
12556.7	0.0999218
12599.8	0.105287
12643.0	0.105736
12686.1	0.110723
12729.3	0.106488
12772.5	0.107455
12815.6	0.0986766
12858.8	0.092514
12902.0	0.0896838
12945.2	0.0810202
12988.3	0.0762575
13031.5	0.0730383
13074.7	0.0662719
13117.9	0.0580756
13161.0	0.052577
13204.2	0.043439
13247.3	0.0322214
13290.5	0.0208695
13333.6	0.0100476
13376.7	0.00416553
13419.8	0.00277303
13462.9	0.00171808
13505.9	-0.00029971
13549.0	-0.000419017
13592.0	-0.000925661
13635.0	0.000649032
13678.0	0.00204382
13720.9	0.00251428
13763.9	-0.00131903
13806.8	0.00233506
13849.7	0.000681706
13892.5	0.000984086
13935.3	0.002005
13978.1	0.00147765
14020.9	0.00265747
14063.6	-0.003069
14106.3	0.00136084
14148.9	0.00165581
14191.5	0.000102367
14234.1	0.00145121
14276.6	0.000495947
14319.1	0.00118968
14361.6	0.00284836
14404.0	0.0018991
14446.4	0.00197882
14488.7	0.00236654
14531.0	0.00246784
14573.2	0.00412458
14615.4	0.00430569
14657.6	0.00429448
14699.7	0.00439329
14741.7	0.00579482
14783.7	0.00740164
14825.7	0.00413394
14867.6	0.00796277
14909.4	0.00827216
14951.2	0.0100635
14992.9	0.00973175
15034.6	0.0107256
15076.3	0.0124141
15117.9	0.01364
15159.4	0.016437
15200.9	0.0160597
15242.3	0.0182098
15283.6	0.0213493
15324.9	0.0257259
15366.2	0.027572
15407.4	0.03012
15448.5	0.0322915
15489.5	0.0360905
15530.6	0.0389586
15571.5	0.0390869
15612.4	0.042778
15653.2	0.0459831
15694.0	0.0486365
15734.7	0.0496781
15775.3	0.0510938
15815.9	0.0507322
15856.4	0.0511559
15896.9	0.0489352
15937.3	0.0454624
15977.6	0.0407146
16017.8	0.033051
16058.0	0.0275896
16098.2	0.0199917
16138.3	0.0161268
16178.3	0.0122736
16218.2	0.00960494
16258.1	0.00963223
16297.9	0.00927323
16337.6	0.00704771
16377.3	0.00835317
16416.9	0.00790193
16456.5	0.00896124
16496.0	0.0116114
16535.4	0.00994701
16574.7	0.0111074
16614.0	0.00977256
16653.2	0.00902876
16692.4	0.00523689
16731.5	0.00392215
16770.5	0.00623407
16809.5	0.00810906
16848.4	0.00856704
16887.2	0.0081274
16926.0	0.00888108
16964.7	0.00725107
17003.3	0.00717958
17041.9	0.00652621
17080.4	0.00645352
17118.8	0.00680206
17157.2	0.00782638
17195.5	0.00954947
17233.7	0.00888584
17271.9	0.00818354
17310.0	0.00840153
17348.1	0.00619965
17386.0	0.00584909
17424.0	0.00503922
17461.8	0.00686735
17499.6	0.00697754
17537.3	0.0054566
17575.0	0.00669193
17612.6	0.00717009
17650.2	0.00571905
17687.6	0.00436595
17725.0	0.00265934
17762.4	0.0036232
17799.7	0.00210352
17836.9	0.00447448
17874.1	0.00325382
17911.2	0.00259133
17948.2	0.00126911
17985.2	0.0015418
18022.1	0.00284477
18059.0	0.00283774
18095.8	0.00243478
18132.6	0.00242398
18169.2	0.00245974
18205.9	0.00255214
18242.4	0.00435125
18278.9	0.00339665
18315.4	0.00188845
18351.8	0.00198019
18388.1	0.000912657
18424.4	0.00270789
18460.6	0.000898365
18496.8	0.00177252
18532.9	0.000422194
18568.9	0.00365732
18604.9	0.00054099
18640.8	0.00245852
18676.7	-0.000663595
18712.5	0.00415794
18748.3	0.000873749
18784.0	0.00440157
18819.7	0.00404899
18855.3	0.00243093
18890.8	0.00312194
18926.3	0.00611117
18961.8	0.00627307
18997.2	0.0062054
19032.5	0.00323298
19067.8	0.00334064
19103.0	0.00527854
19138.2	0.00494631
19173.4	0.00491081
19208.4	0.00480468
19243.5	0.00483489
19278.4	0.00382346
19313.4	0.00432716
19348.2	0.00361408
19383.1	0.00217938
19417.8	0.00235401
19452.6	0.00269995
19487.2	0.00289055
19521.9	0.00276391
19556.4	0.00271437
19591.0	0.00273168
19625.4	0.00369198
19659.9	0.00430864
19694.3	0.00503346
19728.6	0.00439871
19762.9	0.00445156
19797.1	0.00621808
19831.3	0.00532268
19865.4	0.00602902
19899.5	0.00557303
19933.6	0.00630668
19967.6	0.00760907
20001.5	0.00814418
20035.4	0.00768092
20069.3	0.00881055
20103.1	0.0085572
20136.9	0.00878513
20170.6	0.0100086
20204.3	0.010586
20237.9	0.0112604
20271.5	0.0113261
20305.0	0.0125681
20338.5	0.0123948
20372.0	0.0134753
20405.4	0.013283
20438.7	0.0137575
20472.0	0.0148334
20505.3	0.0149556
20538.5	0.0159982
20571.7	0.0172714
20604.8	0.0154928
20637.9	0.0168789
20671.0	0.0164257
20704.0	0.0167843
20736.9	0.0165571
20769.8	0.0166035
20802.7	0.0174908
20835.5	0.0174976
20868.3	0.0166171
20901.0	0.0162372
20933.7	0.0166002
20966.3	0.016489
20998.9	0.0163923
21031.4	0.0162425
21063.9	0.0161903
21096.4	0.0156665
21128.8	0.0152256
21161.1	0.0156191
21193.4	0.0135273
21225.7	0.0142112
21257.9	0.0140586
21290.1	0.0125907
21322.2	0.0126268
21354.3	0.0119501
21386.4	0.0123125
21418.4	0.0111088
21450.3	0.0111557
21482.2	0.0102149
21514.0	0.00942245
21545.9	0.0103217
21577.6	0.00868922
21609.3	0.00854148
21641.0	0.00817851
21672.6	0.0076681
21704.2	0.00809193
21735.7	0.00719424
21767.2	0.00684166
21798.6	0.00702075
21830.0	0.00693697
21861.3	0.00507394
21892.6	0.00495288
21923.8	0.00421585
21955.0	0.00317431
21986.1	0.00210764
22017.2	0.00180568
22048.2	0.000357402
22079.2	0.00142326
22110.2	0.00134123
22141.0	0.00159675
22171.9	0.00125421
22202.7	0.00155168
22233.4	0.00143306
22264.1	0.00198121
22294.7	0.00127876
22325.3	0.00125455
22355.8	0.000944157
22386.3	0.000911091
22416.8	0.000997342
22447.1	0.000687952
22477.5	0.000141298
22507.7	-1.4641e-06
22538.0	0.000397741
22568.1	0.000327065
22598.3	0.001075
22628.3	0.000881106
22658.4	0.000877854
22688.3	0.00109327
22718.2	0.000653687
22748.1	0.00114616
22777.9	0.000750268
22807.7	0.000508915
22837.4	0.000921409
22867.1	0.000260387
22896.7	0.000604293
22926.2	0.000201477
22955.7	0.000849046
22985.2	0.000540993
23014.6	0.00089888
23043.9	0.000457371
23073.2	0.000312634
23102.4	0.000507963
23131.6	0.000595521
23160.8	0.00124146
23189.9	0.000814183
23218.9	0.000441789
23247.9	0.000135214
23276.8	0.000526788
23305.7	0.000316763
23334.6	0.000484606
23363.3	0.000410883
23392.1	0.00140884
23420.8	0.000722502
23449.4	0.000323054
23478.0	0.000242812
23506.6	0.000420495
23535.1	0.000453007
23563.5	6.26187e-05
23591.9	0.000307966
23620.3	0.000563039
23648.6	0.000721376
23676.9	0.000764843
23705.1	8.23982e-05
23733.3	0.00149343
23761.4	0.000626135
23789.5	-0.000695318
23817.6	2.03814e-05
23845.6	0.000831044
23873.6	0.0011942
23901.6	0.000907715
23929.5	-0.000142208
23957.3	0.000670097
23985.2	0.000702202
24013.0	0.000478391
24040.8	0.00203014
24068.5	0.00169378
24096.2	0.000517741
24123.9	0.00134046
24151.6	0.000752141
24179.2	0.00119535
24206.8	0.000613807
24234.4	0.00193992
24261.9	0.000263835
24289.5	0.00234368
24317.0	0.0019958
24344.5	0.00139053
24372.0	0.00147793
24399.4	0.00075233
24426.9	0.000215426
24454.4	0.00189699
24481.8	0.00199014
24509.2	0.000168011
24536.7	0.0016095
24564.1	0.00194337
24591.6	0.00205899
24619.0	0.00365163
24646.4	0.00211143
24673.9	0.00138522
24701.4	0.00115868
24728.8	0.000415451
24756.3	0.00244637
24783.9	0.0020026
24811.4	0.000736213
24839.0	0.00247663
24866.5	0.00414903
24894.2	0.00339343
24921.8	0.00329293
24949.5	0.00305756
24977.3	0.00327971
25005.0	0.000329116
25032.9	0.00146198
25060.7	0.00410922
25088.7	0.00149339
25116.7	0.00348847
25144.7	0.000125422
25172.9	0.0013022
25201.1	0.00587474
25229.3	-0.000840714
25257.7	-0.00410329
25286.1	-0.00316305
25314.6	-0.00649513
25343.3	0.00101357
25372.0	0.00286373
25400.8	-0.00462466
25429.7	0.00133681
25458.8	0.00598807
25488.0	-0.00428683
25517.2	0.00536698
25546.7	0.00422188
25576.2	0.00543591
25605.9	0.013705
25635.8	-0.00416809
25665.7	-0.0025687
33682.0	0.0027934955445161804
46179.0	0.010766007496161288
53650.0	0.0
