# Wavelength_(Angstrom)	Flux_(cgs)
6491.85	0.0199495
6514.1	0.0174263
6536.23	0.0162501
6558.25	0.0139226
6580.18	0.0111079
6602.02	0.00965829
6623.78	0.00899862
6645.48	0.00883693
6667.11	0.0074511
6688.7	0.00974566
6710.25	0.00977604
6731.76	0.00765374
6753.26	0.00754037
6774.73	0.00679165
6796.2	0.00915595
6817.67	0.00636308
6839.15	0.0081328
6860.64	0.0086345
6882.15	0.0103966
6903.69	0.0122387
6925.27	0.0147506
6946.89	0.0173917
6968.57	0.017745
6990.29	0.0200248
7012.08	0.0214113
7033.94	0.0227133
7055.87	0.0198659
7077.87	0.0163322
7099.97	0.013762
7122.15	0.0106957
7144.43	0.0104649
7166.8	0.0120365
7189.29	0.0132025
7211.88	0.0148565
7234.59	0.0188057
7257.41	0.0216048
7280.36	0.0260331
7303.43	0.0303209
7326.64	0.0347244
7349.97	0.0393342
7373.45	0.0414977
7397.07	0.0431708
7420.84	0.0448438
7444.75	0.0451587
7468.81	0.0465739
7493.03	0.0475747
7517.41	0.0499229
7541.95	0.0513
7566.65	0.0509092
7591.52	0.0473187
7616.56	0.0384983
7641.76	0.0291334
7667.14	0.0245917
7692.69	0.0240561
7718.43	0.0258025
7744.34	0.0293243
7770.43	0.0314325
7796.7	0.0332358
7823.16	0.0347527
7849.8	0.0367336
7876.63	0.0387643
7903.64	0.0404522
7930.85	0.0428291
7958.25	0.0450411
7985.84	0.0488265
8013.62	0.0529151
8041.59	0.0576518
8069.76	0.0628891
8098.12	0.0675824
8126.68	0.0683644
8155.43	0.0676468
8184.38	0.0671199
8213.53	0.0678261
8242.87	0.0688493
8272.41	0.0697296
8302.15	0.0677794
8332.08	0.066787
8362.22	0.0659311
8392.54	0.0636875
8423.07	0.0587534
8453.79	0.0545983
8484.71	0.050926
8515.82	0.0524961
8547.13	0.0549839
8578.64	0.057863
8610.34	0.0601701
8642.23	0.0612973
8674.32	0.0620027
8706.6	0.0637452
8739.07	0.0668167
8771.73	0.0713681
8804.59	0.0736002
8837.63	0.0727565
8870.86	0.0722615
8904.28	0.071473
8937.88	0.0743372
8971.67	0.0772606
9005.65	0.077984
9039.8	0.0812484
9074.14	0.0837285
9108.66	0.0869389
9143.36	0.0899253
9178.23	0.0916719
9213.29	0.090695
9248.51	0.0892208
9283.91	0.0873765
9319.49	0.0864938
9355.23	0.0853608
9391.14	0.0872477
9427.22	0.0891497
9463.46	0.091481
9499.87	0.0942523
9536.44	0.0940833
9573.18	0.0939549
9610.07	0.0932536
9647.11	0.0932853
9684.32	0.0933596
9721.67	0.0936034
9759.18	0.0941702
9796.84	0.0945525
9834.65	0.0943087
9872.6	0.0909652
9910.7	0.0877248
9948.94	0.0854241
9987.32	0.0879052
10025.8	0.0894039
10064.5	0.0911299
10103.3	0.0924822
10142.2	0.0929553
10181.3	0.0918386
10220.4	0.0916278
10259.8	0.0914968
10299.2	0.091415
10338.7	0.0921229
10378.4	0.0937417
10418.2	0.0953647
10458.1	0.0962635
10498.2	0.0961025
10538.3	0.0957141
10578.5	0.095382
10618.9	0.0960298
10659.4	0.0972774
10699.9	0.0978335
10740.6	0.0986751
10781.4	0.0995698
10822.2	0.100614
10863.2	0.102173
10904.2	0.101661
10945.4	0.100282
10986.6	0.101034
11027.9	0.100037
11069.4	0.0984517
11110.8	0.0986179
11152.4	0.0988843
11194.1	0.0984046
11235.8	0.0981526
11277.6	0.0978709
11319.5	0.0943188
11361.4	0.0907867
11403.4	0.0892923
11445.5	0.0916522
11487.6	0.0960923
11529.8	0.0977573
11572.1	0.0971018
11614.4	0.0963797
11656.8	0.0947089
11699.2	0.0934653
11741.7	0.0921454
11784.2	0.0921407
11826.8	0.0921908
11869.5	0.0930481
11912.1	0.0917837
11954.8	0.0904882
11997.6	0.0894114
12040.4	0.089665
12083.2	0.0909351
12126.1	0.0914723
12169.0	0.0920144
12211.9	0.0931137
12254.9	0.0928668
12297.9	0.0924042
12340.9	0.0908799
12383.9	0.0888962
12426.9	0.087315
12470.0	0.086806
12513.1	0.0880582
12556.2	0.0887755
12599.4	0.0902107
12642.5	0.0910513
12685.6	0.0910102
12728.8	0.0924769
12772.0	0.0924127
12815.1	0.0905257
12858.3	0.0902594
12901.5	0.0903542
12944.7	0.0894712
12987.8	0.0894372
13031.0	0.0896232
13074.2	0.0886222
13117.4	0.0881828
13160.5	0.0879094
13203.7	0.0881723
13246.8	0.0871079
13290.0	0.0843913
13333.1	0.0802474
13376.2	0.0771761
13419.3	0.076689
13462.4	0.0775365
13505.5	0.0778025
13548.5	0.0768159
13591.5	0.0744216
13634.5	0.073553
13677.5	0.0738031
13720.5	0.0724705
13763.4	0.0743669
13806.3	0.0747224
13849.2	0.0716766
13892.0	0.0715144
13934.8	0.071549
13977.6	0.0678417
14020.4	0.0681058
14063.1	0.0668964
14105.8	0.066169
14148.4	0.0656665
14191.0	0.064898
14233.6	0.0652312
14276.1	0.0653252
14318.6	0.0646489
14361.1	0.0643526
14403.5	0.0645767
14445.9	0.0646597
14488.2	0.064494
14530.5	0.0646456
14572.7	0.0646639
14614.9	0.0641437
14657.1	0.0634484
14699.2	0.0623005
14741.2	0.061979
14783.2	0.0621213
14825.2	0.0619872
14867.1	0.0620093
14908.9	0.0626312
14950.7	0.0629826
14992.5	0.0628072
15034.2	0.0623957
15075.8	0.0624724
15117.4	0.0626079
15158.9	0.0624512
15200.4	0.0622173
15241.8	0.0629658
15283.2	0.0632506
15324.5	0.0632706
15365.7	0.0629122
15406.9	0.0629707
15448.0	0.0626912
15489.1	0.0629779
15530.1	0.0628724
15571.0	0.0627783
15611.9	0.062946
15652.7	0.0632107
15693.5	0.0627211
15734.2	0.0628289
15774.9	0.0630362
15815.4	0.0630724
15856.0	0.0619643
15896.4	0.0619654
15936.8	0.0625585
15977.1	0.0631243
16017.4	0.0628455
16057.6	0.0623494
16097.7	0.0612928
16137.8	0.0610727
16177.8	0.0616419
16217.7	0.0617446
16257.6	0.0612621
16297.4	0.0617486
16337.2	0.0617833
16376.9	0.0617354
16416.5	0.0616716
16456.0	0.0624102
16495.5	0.0628725
16534.9	0.0625434
16574.3	0.0621515
16613.6	0.0620361
16652.8	0.0615441
16692.0	0.0613212
16731.0	0.0613571
16770.1	0.0610237
16809.0	0.0611983
16847.9	0.0613913
16886.8	0.0611576
16925.5	0.0604629
16964.2	0.0599585
17002.9	0.0596613
17041.4	0.0592226
17079.9	0.0584011
17118.4	0.0574452
17156.7	0.0567458
17195.0	0.0562152
17233.3	0.0556574
17271.5	0.0552916
17309.6	0.0550114
17347.6	0.0542899
17385.6	0.0535797
17423.5	0.053174
17461.4	0.0525895
17499.2	0.05161
17536.9	0.0508129
17574.6	0.0498566
17612.2	0.049415
17649.7	0.048572
17687.2	0.0479749
17724.6	0.0476275
17762.0	0.0471266
17799.3	0.0462457
17836.5	0.0457776
17873.7	0.0448279
17910.8	0.0447825
17947.8	0.0443786
17984.8	0.0444812
18021.7	0.0433678
18058.6	0.0429753
18095.4	0.0434561
18132.1	0.0434231
18168.8	0.0426027
18205.4	0.0426884
18242.0	0.04328
18278.5	0.045796
18315.0	0.043798
18351.4	0.0433247
18387.7	0.0399636
18424.0	0.0393853
18460.2	0.0417188
18496.4	0.0399721
18532.5	0.0397923
18568.5	0.0390436
18604.5	0.0384018
18640.4	0.0403613
18676.3	0.0425394
18712.1	0.0357471
18747.9	0.034906
18783.6	0.0363239
18819.3	0.0388142
18854.9	0.0383009
18890.4	0.0388683
18925.9	0.0378511
18961.4	0.0395752
18996.8	0.0405622
19032.1	0.0380017
19067.4	0.0391656
19102.6	0.0400259
19137.8	0.0374392
19173.0	0.0374867
19208.0	0.0378073
19243.1	0.0372023
19278.0	0.036284
19313.0	0.03482
19347.8	0.0358066
19382.7	0.0356259
19417.4	0.0337233
19452.2	0.0328387
19486.8	0.0322164
19521.5	0.033305
19556.0	0.0337938
19590.6	0.0342078
19625.0	0.034799
19659.5	0.0344624
19693.9	0.0338211
19728.2	0.0322
19762.5	0.0309297
19796.7	0.0304253
19830.9	0.0307302
19865.1	0.0313173
19899.1	0.0315197
19933.2	0.0324105
19967.2	0.0332342
20001.2	0.033127
20035.1	0.031983
20068.9	0.0315174
20102.7	0.0323057
20136.5	0.0317525
20170.2	0.0314639
20203.9	0.0312766
20237.5	0.0314173
20271.1	0.0316758
20304.7	0.0316032
20338.2	0.031826
20371.6	0.0316515
20405.0	0.0315976
20438.4	0.0313746
20471.7	0.0316218
20504.9	0.0317538
20538.2	0.0312272
20571.3	0.0311872
20604.5	0.0312987
20637.5	0.0312952
20670.6	0.0310139
20703.6	0.0310111
20736.5	0.0310522
20769.4	0.0309101
20802.3	0.0310828
20835.1	0.0311464
20867.9	0.0310886
20900.6	0.0311872
20933.3	0.0310094
20965.9	0.0309859
20998.5	0.0311553
21031.0	0.0310588
21063.5	0.0310066
21096.0	0.0311444
21128.4	0.0311466
21160.8	0.0312452
21193.1	0.031
21225.3	0.0309715
21257.6	0.0310722
21289.7	0.0309981
21321.9	0.030946
21354.0	0.031125
21386.0	0.0308964
21418.0	0.0312191
21449.9	0.0310657
21481.8	0.0311549
21513.7	0.0309758
21545.5	0.0308397
21577.2	0.0308378
21609.0	0.0308537
21640.6	0.030865
21672.2	0.0311478
21703.8	0.0310295
21735.3	0.0309013
21766.8	0.0306612
21798.2	0.0307035
21829.6	0.0307305
21860.9	0.0306508
21892.2	0.0305269
21923.4	0.0304425
21954.6	0.0307013
21985.8	0.0305355
22016.8	0.029957
22047.9	0.0289726
22078.9	0.0285039
22109.8	0.0287453
22140.7	0.0297672
22171.5	0.030331
22202.3	0.0301213
22233.0	0.0302516
22263.7	0.0300667
22294.4	0.0301338
22325.0	0.0301066
22355.5	0.0301948
22386.0	0.0301607
22416.4	0.0300971
22446.8	0.0301386
22477.1	0.0299529
22507.4	0.0299548
22537.6	0.0297861
22567.8	0.0296547
22597.9	0.0295252
22628.0	0.0290109
22658.0	0.0291453
22688.0	0.029177
22717.9	0.0290181
22747.8	0.0291797
22777.6	0.0291562
22807.3	0.0290492
22837.1	0.028851
22866.7	0.0289426
22896.3	0.0286803
22925.9	0.0275179
22955.4	0.0260248
22984.8	0.0255222
23014.2	0.0261851
23043.6	0.026497
23072.9	0.0263447
23102.1	0.0264411
23131.3	0.0263342
23160.4	0.0264336
23189.5	0.0256609
23218.6	0.0246865
23247.6	0.0241137
23276.5	0.0237796
23305.4	0.0242363
23334.2	0.024154
23363.0	0.0240395
23391.8	0.0237314
23420.4	0.0239336
23449.1	0.0244511
23477.7	0.0245828
23506.2	0.0236286
23534.7	0.0227773
23563.2	0.0223084
23591.6	0.0228053
23620.0	0.0231038
23648.3	0.0232467
23676.6	0.0235299
23704.8	0.0236006
23733.0	0.0231691
23761.1	0.0232192
23789.2	0.0229541
23817.3	0.0221191
23845.3	0.0214139
23873.3	0.0213264
23901.2	0.02145
23929.2	0.0217421
23957.0	0.0216647
23984.9	0.0215854
24012.7	0.0211361
24040.4	0.0211172
24068.2	0.020626
24095.9	0.0203296
24123.6	0.020419
24151.2	0.0202721
24178.9	0.0198706
24206.5	0.0197723
24234.0	0.0199268
24261.6	0.0194264
24289.1	0.0194356
24316.7	0.0196685
24344.2	0.0193433
24371.7	0.0185606
24399.1	0.0189426
24426.6	0.0189964
24454.0	0.0187434
24481.5	0.0183039
24508.9	0.018188
24536.4	0.0178011
24563.8	0.0175353
24591.2	0.0178266
24618.7	0.0172483
24646.1	0.0170767
24673.6	0.0173441
24701.1	0.0172779
24728.5	0.0165167
24756.0	0.0163459
24783.5	0.0166592
24811.1	0.0165674
24838.6	0.0162986
24866.2	0.0165144
24893.9	0.0157738
24921.5	0.0159238
24949.2	0.0158497
24976.9	0.0155105
25004.7	0.0162181
25032.5	0.0161715
25060.4	0.0154896
25088.4	0.0159081
25116.4	0.0164523
25144.4	0.0156269
25172.5	0.0149252
25200.7	0.0143756
25229.0	0.015802
25257.4	0.0153168
25285.8	0.0143897
25314.3	0.015407
25342.9	0.0148815
25371.7	0.0155039
25400.5	0.0139821
25429.4	0.0141284
25458.5	0.0151109
25487.6	0.0127468
25516.9	0.0142121
25546.3	0.0163323
25575.9	0.0138007
33682.0	0.006539151816716889
46179.0	0.0022564624727601096
53650.0	0.0
