# Wavelength_(Angstrom)	Flux_(cgs)
6579.48	0.000768671
6601.32	0.00470569
6623.08	-0.00237946
6644.78	0.00611386
6666.42	-0.0133574
6688.01	-0.00722537
6709.56	-0.0118702
6731.08	-0.0130234
6752.57	0.0104826
6774.04	0.00658704
6795.51	0.0134056
6816.98	0.00168545
6838.46	0.0107038
6859.95	-0.0118705
6881.46	-0.0116564
6903.0	-0.00522315
6924.58	-0.00536507
6946.2	0.00460422
6967.87	0.00274461
6989.6	0.00129992
7011.38	0.000148886
7033.24	0.000720948
7055.16	-0.000272131
7077.17	0.00231009
7099.26	0.0029567
7121.44	0.00681932
7143.71	0.00318678
7166.09	0.00209155
7188.57	-0.00185705
7211.15	0.000463617
7233.86	-0.00467757
7256.68	0.00941768
7279.62	0.000990758
7302.69	0.00280001
7325.89	0.00482881
7349.23	0.00850599
7372.7	0.00140059
7396.31	1.28715e-05
7420.07	0.00424226
7443.98	0.003282
7468.04	0.00318873
7492.26	0.00162445
7516.63	0.00229881
7541.16	-0.00467137
7565.86	-4.44287e-05
7590.72	-0.0032763
7615.75	-0.000535934
7640.95	0.00665493
7666.33	-0.00125481
7691.88	-0.000694872
7717.6	0.000255449
7743.51	-0.000908851
7769.59	-0.00218644
7795.86	0.00331438
7822.31	0.000516234
7848.94	-0.00269378
7875.77	0.000362239
7902.78	0.00122649
7929.98	-0.000271806
7957.37	0.00135167
7984.95	0.00149743
8012.73	0.000996641
8040.7	0.00254763
8068.86	-0.00232631
8097.21	-0.000483415
8125.77	-0.000643461
8154.51	0.00395921
8183.46	0.00385831
8212.6	0.00191719
8241.93	0.00273538
8271.47	0.000882956
8301.2	0.00246701
8331.13	0.00358576
8361.25	0.00462469
8391.57	0.00312847
8422.09	0.00474593
8452.81	0.00587199
8483.72	0.00576139
8514.83	0.0054138
8546.13	0.00412183
8577.63	0.00636428
8609.32	0.00840108
8641.21	0.00710807
8673.29	0.00774434
8705.57	0.00724257
8738.03	0.00809736
8770.69	0.0109541
8803.54	0.0118581
8836.57	0.0101611
8869.8	0.0133817
8903.21	0.0112072
8936.81	0.0124685
8970.59	0.0157699
9004.56	0.0152646
9038.71	0.0190035
9073.04	0.0191956
9107.56	0.0186277
9142.25	0.0185472
9177.12	0.0244277
9212.16	0.0228006
9247.39	0.0241055
9282.78	0.0197455
9318.35	0.0184997
9354.08	0.0240314
9389.99	0.0242776
9426.06	0.0266534
9462.3	0.0305478
9498.71	0.0259176
9535.27	0.0281309
9572.0	0.0283934
9608.89	0.0302832
9645.93	0.0304971
9683.13	0.0349787
9720.48	0.0349472
9757.98	0.038288
9795.64	0.0408435
9833.44	0.0390134
9871.39	0.0420847
9909.48	0.0419705
9947.72	0.0416302
9986.09	0.0415977
10024.6	0.041146
10063.3	0.0427439
10102.0	0.0462025
10141.0	0.0474186
10180.0	0.0504558
10219.2	0.0509339
10258.5	0.0536842
10297.9	0.0559005
10337.5	0.0588808
10377.2	0.0600067
10416.9	0.0601715
10456.9	0.0659124
10496.9	0.0644164
10537.0	0.0675784
10577.3	0.0670598
10617.6	0.0694923
10658.1	0.070993
10698.6	0.0717018
10739.3	0.0724166
10780.1	0.0743394
10820.9	0.074252
10861.9	0.0738289
10902.9	0.0716246
10944.1	0.0657542
10985.3	0.0600502
11026.6	0.0574524
11068.0	0.054468
11109.5	0.050258
11151.1	0.0461112
11192.7	0.0470975
11234.5	0.0478852
11276.3	0.0488529
11318.1	0.0484378
11360.1	0.0434256
11402.1	0.0456392
11444.1	0.0458541
11486.3	0.0493467
11528.5	0.0510565
11570.8	0.0489493
11613.1	0.0474194
11655.4	0.046717
11697.9	0.0460711
11740.4	0.0465596
11782.9	0.0503913
11825.5	0.0521481
11868.1	0.0598041
11910.8	0.0644587
11953.5	0.0670444
11996.2	0.0701312
12039.0	0.0736831
12081.9	0.0764726
12124.7	0.0787239
12167.6	0.0823663
12210.5	0.0815653
12253.5	0.0867684
12296.5	0.0901743
12339.5	0.0906139
12382.5	0.0906058
12425.6	0.0894823
12468.6	0.0892003
12511.7	0.0909306
12554.9	0.0936355
12598.0	0.0971668
12641.1	0.102306
12684.3	0.102012
12727.4	0.102028
12770.6	0.102857
12813.8	0.101191
12856.9	0.0992779
12900.1	0.0993879
12943.3	0.0986038
12986.5	0.0978792
13029.6	0.0972911
13072.8	0.0956303
13116.0	0.0921288
13159.2	0.0901386
13202.3	0.0869582
13245.5	0.0805305
13288.6	0.0666223
13331.7	0.05012
13374.8	0.0329801
13417.9	0.0234035
13461.0	0.01862
13504.1	0.0164135
13547.1	0.0138453
13590.2	0.0136747
13633.2	0.0154071
13676.1	0.0143025
13719.1	0.0151405
13762.0	0.0172448
13804.9	0.0199968
13847.8	0.0209814
13890.6	0.019403
13933.5	0.0180597
13976.2	0.0143171
14019.0	0.0176968
14061.7	0.0178548
14104.4	0.014916
14147.1	0.014314
14189.7	0.0148544
14232.2	0.0152241
14274.8	0.014514
14317.3	0.0134342
14359.7	0.0157451
14402.2	0.0169284
14444.5	0.0181233
14486.9	0.0184573
14529.1	0.0217098
14571.4	0.0212438
14613.6	0.02495
14655.7	0.0245763
14697.8	0.0249664
14739.9	0.0276203
14781.9	0.0288149
14823.8	0.0280008
14865.7	0.028485
14907.6	0.030815
14949.4	0.0318851
14991.1	0.0335454
15032.8	0.0360131
15074.5	0.0365261
15116.1	0.0378574
15157.6	0.0441962
15199.1	0.0437343
15240.5	0.0475739
15281.8	0.049487
15323.1	0.0535334
15364.4	0.0527884
15405.6	0.0554952
15446.7	0.0592038
15487.8	0.0616461
15528.8	0.064213
15569.7	0.0637661
15610.6	0.0642294
15651.4	0.0661063
15692.2	0.0675647
15732.9	0.0727103
15773.6	0.0738839
15814.1	0.0741268
15854.7	0.0761538
15895.1	0.0762747
15935.5	0.0768663
15975.8	0.079731
16016.1	0.0788373
16056.3	0.0773432
16096.4	0.0740225
16136.5	0.0721447
16176.5	0.070304
16216.5	0.0704532
16256.3	0.0696974
16296.2	0.0675089
16335.9	0.0660295
16375.6	0.0671581
16415.2	0.067708
16454.8	0.0675845
16494.3	0.0687937
16533.7	0.0686616
16573.0	0.0686463
16612.3	0.0684133
16651.5	0.067572
16690.7	0.0628558
16729.8	0.062867
16768.8	0.060981
16807.8	0.0639892
16846.7	0.0647823
16885.5	0.0663746
16924.3	0.0643766
16963.0	0.0627494
17001.6	0.0612213
17040.2	0.0594819
17078.7	0.0575307
17117.1	0.0570533
17155.5	0.0549862
17193.8	0.0543828
17232.1	0.0535259
17270.2	0.0520102
17308.4	0.0506436
17346.4	0.0481439
17384.4	0.047234
17422.3	0.0407771
17460.2	0.0418509
17498.0	0.0394328
17535.7	0.0381629
17573.4	0.0364673
17611.0	0.0347181
17648.5	0.0349265
17686.0	0.0317693
17723.4	0.0273103
17760.8	0.0271438
17798.1	0.0270129
17835.3	0.0251472
17872.5	0.0241535
17909.6	0.0239921
17946.6	0.0243432
17983.6	0.0222687
18020.5	0.0213444
18057.4	0.0198914
18094.2	0.0218285
18131.0	0.0221759
18167.7	0.0225205
18204.3	0.0224614
18240.8	0.0228125
18277.4	0.0220128
18313.8	0.0246094
18350.2	0.0203163
18386.5	0.0204187
18422.8	0.0200579
18459.0	0.0196351
18495.2	0.0190937
18531.3	0.0196401
18567.4	0.0191
18603.3	0.0158153
18639.3	0.0144616
18675.2	0.0160197
18711.0	0.018546
18746.8	0.0171114
18782.5	0.0192369
18818.1	0.020248
18853.8	0.0213632
18889.3	0.0202396
18924.8	0.0232907
18960.3	0.0229419
18995.6	0.024616
19031.0	0.0233606
19066.3	0.0253903
19101.5	0.0244748
19136.7	0.0270819
19171.8	0.0286777
19206.9	0.0269052
19241.9	0.0244504
19276.9	0.0237845
19311.8	0.0219516
19346.7	0.0188772
19381.6	0.018654
19416.3	0.0163746
19451.1	0.0186993
19485.7	0.0173223
19520.4	0.0190998
19554.9	0.0188536
19589.5	0.0187717
19623.9	0.0168503
19658.4	0.0187591
19692.8	0.0196147
19727.1	0.0196003
19761.4	0.0201906
19795.6	0.0197328
19829.8	0.0197304
19864.0	0.0194908
19898.1	0.0210203
19932.1	0.0213445
19966.1	0.021724
20000.1	0.0231695
20034.0	0.0225095
20067.8	0.0241633
20101.7	0.0258697
20135.4	0.0230194
20169.2	0.02676
20202.8	0.0263545
20236.5	0.0264111
20270.0	0.0282195
20303.6	0.0285837
20337.1	0.0302912
20370.5	0.0298092
20403.9	0.0294726
20437.3	0.0319791
20470.6	0.0320631
20503.9	0.0320612
20537.1	0.0331619
20570.3	0.0331725
20603.4	0.0342274
20636.5	0.0354906
20669.5	0.0352051
20702.5	0.036072
20735.5	0.0362492
20768.4	0.0359494
20801.2	0.0369848
20834.1	0.0366641
20866.8	0.0362718
20899.6	0.0370927
20932.2	0.0360894
20964.9	0.0366895
20997.5	0.0378458
21030.0	0.0374865
21062.5	0.0369675
21095.0	0.037083
21127.4	0.0384082
21159.7	0.0373591
21192.0	0.0374643
21224.3	0.0377032
21256.5	0.0366041
21288.7	0.0373325
21320.8	0.0365168
21352.9	0.0360222
21385.0	0.0374651
21417.0	0.0363263
21448.9	0.0354124
21480.8	0.0355704
21512.7	0.0347498
21544.5	0.0363656
21576.2	0.0337251
21607.9	0.0341691
21639.6	0.0330297
21671.2	0.0334835
21702.8	0.0329286
21734.3	0.0323939
21765.8	0.0324938
21797.2	0.0313638
21828.6	0.0306676
21859.9	0.0295172
21891.2	0.0291249
21922.4	0.0278093
21953.6	0.0281321
21984.8	0.0243431
22015.9	0.0251957
22046.9	0.0224505
22077.9	0.0213565
22108.8	0.0219242
22139.7	0.0240118
22170.5	0.0229606
22201.3	0.0221285
22232.1	0.0222983
22262.8	0.0231113
22293.4	0.0231332
22324.0	0.0215666
22354.5	0.0226341
22385.0	0.0214464
22415.4	0.0210799
22445.8	0.0210964
22476.2	0.0205252
22506.4	0.0193562
22536.7	0.0202216
22566.8	0.0187477
22597.0	0.0204799
22627.0	0.0190705
22657.1	0.0193636
22687.0	0.0190067
22717.0	0.017464
22746.8	0.0181699
22776.6	0.0184043
22806.4	0.0180328
22836.1	0.0175166
22865.8	0.0175095
22895.4	0.0175411
22924.9	0.0154974
22954.4	0.013487
22983.9	0.0130916
23013.3	0.01313
23042.6	0.0152713
23071.9	0.0141082
23101.2	0.0154765
23130.4	0.0155478
23159.5	0.0144881
23188.6	0.0127706
23217.6	0.0128154
23246.6	0.0119026
23275.6	0.0111588
23304.5	0.011182
23333.3	0.0110753
23362.1	0.0118995
23390.8	0.0121076
23419.5	0.0111903
23448.2	0.0114156
23476.8	0.01234
23505.3	0.0120778
23533.8	0.0118423
23562.3	0.0119249
23590.7	0.0137948
23619.1	0.0135212
23647.4	0.0128542
23675.6	0.0130628
23703.9	0.0122719
23732.1	0.0119
23760.2	0.0119158
23788.3	0.0107003
23816.4	0.0100617
23844.4	0.0134653
23872.4	0.0122692
23900.3	0.0139848
23928.3	0.0120994
23956.1	0.0146223
23984.0	0.0134137
24011.8	0.0148819
24039.6	0.0150222
24067.3	0.0132163
24095.0	0.0138124
24122.7	0.0156843
24150.4	0.0150851
24178.0	0.0138256
24205.6	0.0147468
24233.2	0.0144087
24260.7	0.0148651
24288.3	0.0135857
24315.8	0.0152943
24343.3	0.0161086
24370.8	0.0141648
24398.3	0.0141031
24425.7	0.0133533
24453.2	0.0142549
24480.6	0.014181
24508.1	0.0154592
24535.5	0.0137417
24562.9	0.0126183
24590.4	0.0112897
24617.8	0.0144631
24645.3	0.0129461
24672.7	0.014001
24700.2	0.0131758
24727.7	0.0114349
24755.2	0.0112921
24782.7	0.0129521
24810.2	0.0132443
24837.8	0.0146786
24865.4	0.0108862
24893.0	0.0129654
24920.6	0.0118215
24948.3	0.0136533
24976.1	0.0133444
25003.8	0.0136348
25031.7	0.00803227
25059.5	0.00981309
25087.5	0.011131
25115.5	0.0157277
25143.5	0.00918667
25171.6	0.0112322
25199.8	0.00822367
25228.1	0.0127064
25256.5	0.00985932
25284.9	0.00828446
25313.4	0.0107641
25342.0	0.0177985
25370.7	0.00931729
25399.6	0.0037991
25428.5	0.00713629
25457.5	0.00997739
25486.7	0.0165468
25516.0	0.0208203
25545.4	0.0133416
25574.9	0.00332885
25604.6	0.0120124
33682.0	0.00919400329104699
46179.0	0.006751672215513875
53650.0	0.0
