# Wavelength_(Angstrom)	Flux_(cgs)
6441.16	0.0103101
6463.71	0.0221528
6486.12	0.0377405
6508.39	0.0252962
6530.55	-6.41948e-05
6552.6	0.0237937
6574.55	0.00678401
6596.41	0.00670388
6618.19	0.00642043
6639.91	0.00760407
6661.56	0.0309195
6683.16	0.00779028
6704.71	-0.00424862
6726.24	0.00315144
6747.73	0.00941672
6769.21	0.00470823
6790.68	-0.00260885
6812.15	0.0153848
6833.62	0.00639787
6855.11	0.0043068
6876.62	0.0122648
6898.15	0.00915763
6919.72	0.00693792
6941.33	0.0166848
6962.99	0.00881254
6984.7	0.0183143
7006.47	0.00980597
7028.31	0.00922182
7050.22	0.015468
7072.21	0.0128071
7094.28	0.0104475
7116.44	0.0115848
7138.69	0.00925
7161.04	0.000356866
7183.5	0.00121805
7206.06	0.0126688
7228.74	0.00275352
7251.53	0.0030403
7274.45	0.00410261
7297.49	0.00392518
7320.66	-0.00240293
7343.96	0.00316167
7367.41	0.00583323
7390.99	0.00441092
7414.71	0.00791136
7438.59	0.00717383
7462.62	0.00261641
7486.8	0.00629139
7511.13	0.00518977
7535.63	0.00710324
7560.29	0.000178387
7585.11	0.00762387
7610.11	0.00535744
7635.27	0.00362923
7660.6	-0.00487053
7686.11	-0.000432988
7711.8	0.000252709
7737.66	0.00360915
7763.7	0.00254659
7789.93	0.00231436
7816.34	0.00733839
7842.93	0.00806423
7869.72	0.00726107
7896.68	0.0112727
7923.84	0.0108167
7951.19	0.00672039
7978.73	0.00920256
8006.46	0.0109529
8034.38	0.0116701
8062.5	0.013093
8090.82	0.0114603
8119.32	0.0139134
8148.03	0.0147931
8176.93	0.014966
8206.02	0.0153293
8235.31	0.0161734
8264.8	0.0167261
8294.49	0.0167062
8324.37	0.016742
8354.45	0.0176873
8384.73	0.0184633
8415.21	0.0185693
8445.88	0.0188194
8476.75	0.0166891
8507.81	0.0178814
8539.07	0.0174485
8570.53	0.0178593
8602.18	0.0162702
8634.02	0.0142737
8666.06	0.0130222
8698.29	0.0148523
8730.71	0.0153676
8763.32	0.0141834
8796.13	0.0155588
8829.12	0.0192075
8862.3	0.0186715
8895.67	0.0193858
8929.23	0.020032
8962.97	0.0209111
8996.9	0.023177
9031.01	0.0262857
9065.3	0.027521
9099.77	0.0294844
9134.43	0.0306916
9169.26	0.0333889
9204.26	0.0348163
9239.44	0.0367405
9274.8	0.0349058
9310.33	0.0329442
9346.03	0.0367252
9381.9	0.039491
9417.93	0.0393288
9454.13	0.0405727
9490.5	0.0429125
9527.03	0.0457767
9563.72	0.0461163
9600.57	0.0465632
9637.58	0.0453422
9674.74	0.0479395
9712.06	0.0486195
9749.53	0.0509089
9787.15	0.0549233
9824.92	0.0541447
9862.84	0.0491063
9900.9	0.0428943
9939.1	0.03757
9977.45	0.0339895
10015.9	0.0363998
10054.6	0.0388515
10093.3	0.0434506
10132.2	0.045423
10171.2	0.0453112
10210.4	0.0472644
10249.6	0.0473443
10289.0	0.0474164
10328.6	0.0516241
10368.2	0.0537161
10408.0	0.054983
10447.9	0.0560142
10487.9	0.0576759
10528.0	0.0572119
10568.2	0.0556364
10608.5	0.0560432
10649.0	0.0588465
10689.5	0.0615674
10730.1	0.0645723
10770.9	0.0671768
10811.7	0.0686903
10852.7	0.0753643
10893.7	0.0761779
10934.8	0.0777331
10976.0	0.0786857
11017.3	0.0800984
11058.7	0.0773756
11100.2	0.0776848
11141.7	0.0768097
11183.4	0.0781922
11225.1	0.0795355
11266.8	0.0794976
11308.7	0.0781309
11350.6	0.0745883
11392.6	0.0739953
11434.7	0.0759403
11476.8	0.0817496
11519.0	0.0857652
11561.2	0.0853741
11603.5	0.0831277
11645.9	0.0806737
11688.3	0.0786979
11730.8	0.0736892
11773.3	0.0748497
11815.9	0.0766834
11858.5	0.079407
11901.2	0.0782078
11943.9	0.0744748
11986.6	0.0719066
12029.4	0.0716693
12072.2	0.0747766
12115.1	0.0799722
12158.0	0.0815221
12200.9	0.0864143
12243.8	0.088535
12286.8	0.0892716
12329.8	0.0867484
12372.8	0.0825339
12415.9	0.0802696
12459.0	0.0784336
12502.0	0.0819472
12545.1	0.084915
12588.3	0.0900165
12631.4	0.0953701
12674.5	0.0985311
12717.7	0.101342
12760.9	0.101552
12804.0	0.100313
12847.2	0.100172
12890.4	0.101096
12933.6	0.0990598
12976.8	0.0986693
13019.9	0.0990806
13063.1	0.0999259
13106.3	0.098916
13149.4	0.0998721
13192.6	0.101136
13235.8	0.0994258
13278.9	0.090923
13322.0	0.079963
13365.1	0.0696866
13408.2	0.0615449
13451.3	0.0581958
13494.4	0.0550428
13537.4	0.0531644
13580.5	0.0537503
13623.5	0.0555049
13666.5	0.0563406
13709.4	0.0574089
13752.4	0.0536522
13795.3	0.0543931
13838.2	0.058077
13881.0	0.0612527
13923.8	0.0575784
13966.6	0.0544784
14009.4	0.0516889
14052.1	0.0511758
14094.8	0.051423
14137.5	0.0508786
14180.1	0.0493636
14222.7	0.0496958
14265.2	0.0502964
14307.7	0.0490072
14350.2	0.0491148
14392.6	0.049687
14435.0	0.051318
14477.3	0.052564
14519.6	0.0538346
14561.9	0.0537636
14604.1	0.0555451
14646.2	0.0546239
14688.4	0.0545407
14730.4	0.0554911
14772.4	0.0548939
14814.4	0.0566093
14856.3	0.0564887
14898.2	0.0589188
14940.0	0.0592762
14981.7	0.0607334
15023.5	0.0611426
15065.1	0.0627716
15106.7	0.0637987
15148.2	0.0649036
15189.7	0.0665664
15231.2	0.0674733
15272.5	0.0681776
15313.8	0.0705093
15355.1	0.0704441
15396.3	0.072744
15437.5	0.0738959
15478.5	0.0748697
15519.6	0.0759458
15560.5	0.0767613
15601.4	0.0778279
15642.3	0.0784417
15683.0	0.0789227
15723.8	0.0793788
15764.4	0.0803727
15805.0	0.0801586
15845.5	0.0774085
15886.0	0.0767055
15926.4	0.077879
15966.8	0.0791267
16007.0	0.0804471
16047.3	0.080699
16087.4	0.0789728
16127.5	0.0780622
16167.5	0.0784719
16207.5	0.0804627
16247.4	0.0784975
16287.2	0.0788726
16327.0	0.0785218
16366.7	0.0797579
16406.3	0.0809169
16445.9	0.083052
16485.4	0.0852518
16524.8	0.0854153
16564.2	0.0844788
16603.5	0.0845169
16642.7	0.0833773
16681.9	0.084976
16721.0	0.0830761
16760.1	0.084323
16799.0	0.0845799
16837.9	0.0849869
16876.8	0.0861971
16915.6	0.0851006
16954.3	0.0834121
16992.9	0.0843143
17031.5	0.083758
17070.0	0.0836208
17108.5	0.0820436
17146.9	0.0812879
17185.2	0.0781543
17223.5	0.0778558
17261.7	0.0759897
17299.8	0.0738591
17337.9	0.0719401
17375.9	0.071572
17413.8	0.0704797
17451.7	0.0694154
17489.5	0.0667691
17527.2	0.0650714
17564.9	0.0632411
17602.5	0.0626295
17640.1	0.0613552
17677.6	0.0593674
17715.0	0.0573767
17752.4	0.0566607
17789.7	0.0559729
17826.9	0.054065
17864.1	0.0524292
17901.2	0.05208
17938.3	0.0518385
17975.3	0.0512079
18012.2	0.0509246
18049.1	0.0487603
18085.9	0.0494688
18122.7	0.0493692
18159.4	0.048718
18196.0	0.0493334
18232.6	0.049883
18269.1	0.0497125
18305.6	0.0504151
18342.0	0.0480152
18378.4	0.0458327
18414.7	0.0474314
18450.9	0.0454911
18487.1	0.0475461
18523.2	0.0464199
18559.2	0.0433371
18595.3	0.0423985
18631.2	0.043204
18667.1	0.0419746
18702.9	0.0413708
18738.7	0.0424367
18774.4	0.0467374
18810.1	0.046133
18845.7	0.045868
18881.3	0.0454136
18916.8	0.0467356
18952.3	0.0460155
18987.7	0.0461219
19023.0	0.0484861
19058.3	0.0513536
19093.6	0.0495753
19128.8	0.0515056
19163.9	0.0512782
19199.0	0.0519638
19234.1	0.0494939
19269.1	0.0478288
19304.0	0.0483411
19338.9	0.0468921
19373.7	0.0447176
19408.5	0.0438636
19443.2	0.0440051
19477.9	0.0445177
19512.6	0.0434695
19547.2	0.0444762
19581.7	0.0448885
19616.2	0.0452088
19650.6	0.0443909
19685.0	0.0434909
19719.4	0.0435862
19753.7	0.0422789
19787.9	0.0402219
19822.1	0.0414476
19856.3	0.0405877
19890.4	0.0417472
19924.4	0.0417722
19958.5	0.0415567
19992.4	0.0409631
20026.4	0.0416716
20060.2	0.0433309
20094.1	0.0427161
20127.8	0.04299
20161.6	0.0432502
20195.3	0.0443136
20228.9	0.0447762
20262.5	0.0439017
20296.0	0.0444341
20329.5	0.0446579
20363.0	0.0454655
20396.4	0.0444393
20429.8	0.0461342
20463.1	0.0455776
20496.4	0.0455628
20529.6	0.0467897
20562.8	0.0476677
20596.0	0.0490981
20629.1	0.0488437
20662.1	0.0478409
20695.1	0.0484902
20728.1	0.0495
20761.0	0.0498871
20793.9	0.0498859
20826.7	0.0498866
20859.5	0.0508712
20892.2	0.0507389
20924.9	0.0512379
20957.5	0.0518133
20990.1	0.0521412
21022.7	0.0525521
21055.2	0.0526753
21087.7	0.0531927
21120.1	0.0530929
21152.4	0.0538665
21184.8	0.0543512
21217.1	0.0542742
21249.3	0.0545123
21281.5	0.0549812
21313.6	0.0543214
21345.7	0.0548888
21377.8	0.0556977
21409.8	0.0552644
21441.7	0.0559552
21473.6	0.0556152
21505.5	0.0561531
21537.3	0.0547346
21569.1	0.0555263
21600.8	0.0554945
21632.5	0.0551358
21664.1	0.0561931
21695.7	0.0560481
21727.2	0.0547356
21758.7	0.0550684
21790.2	0.0560439
21821.5	0.0550771
21852.9	0.0554643
21884.2	0.0558442
21915.4	0.0562284
21946.6	0.0545132
21977.8	0.0551747
22008.9	0.0555241
22039.9	0.0544798
22070.9	0.0546025
22101.9	0.0552982
22132.8	0.0543521
22163.6	0.0547395
22194.4	0.0536013
22225.2	0.0546873
22255.9	0.0538112
22286.5	0.0544419
22317.1	0.0532435
22347.7	0.0535731
22378.1	0.0525635
22408.6	0.0534182
22439.0	0.0538471
22469.3	0.0537054
22499.6	0.0529874
22529.9	0.0519593
22560.1	0.0520262
22590.2	0.052266
22620.3	0.0516421
22650.3	0.0519424
22680.3	0.0515213
22710.2	0.0511809
22740.1	0.0515234
22769.9	0.051161
22799.7	0.0506448
22829.4	0.050153
22859.1	0.051208
22888.7	0.0497522
22918.3	0.0478556
22947.8	0.0444435
22977.3	0.0425642
23006.7	0.0413378
23036.0	0.041538
23065.3	0.0436246
23094.6	0.0432119
23123.8	0.043057
23153.0	0.0431378
23182.1	0.0423454
23211.1	0.0411696
23240.1	0.0406906
23269.1	0.0395983
23298.0	0.0394195
23326.8	0.0399623
23355.6	0.0394208
23384.4	0.0399549
23413.1	0.0404397
23441.7	0.0395305
23470.3	0.0409055
23498.9	0.0394744
23527.4	0.0387204
23555.9	0.0378521
23584.3	0.0377845
23612.7	0.0370544
23641.0	0.0380269
23669.3	0.0385476
23697.5	0.0373239
23725.7	0.0375972
23753.9	0.0382033
23782.0	0.0381287
23810.1	0.0382633
23838.1	0.0361977
23866.1	0.0360376
23894.1	0.0357704
23922.0	0.0369808
23949.9	0.0357274
23977.7	0.0356923
24005.5	0.0359299
24033.3	0.0341485
24061.1	0.0342037
24088.8	0.0344125
24116.5	0.0334798
24144.1	0.0330989
24171.8	0.033051
24199.4	0.0335887
24227.0	0.0341702
24254.5	0.032449
24282.1	0.0319347
24309.6	0.0316943
24337.1	0.0303755
24364.6	0.0318907
24392.1	0.0300918
24419.5	0.0303104
24447.0	0.028941
24474.4	0.0286239
24501.9	0.0292166
24529.3	0.0290705
24556.8	0.0293877
24584.2	0.0286906
24611.6	0.0277828
24639.1	0.0274891
24666.5	0.0273132
24694.0	0.0263742
24721.5	0.0258124
24749.0	0.0267917
24776.5	0.0266925
24804.0	0.0279242
24831.6	0.026008
24859.1	0.0265156
24886.8	0.0265527
24914.4	0.0240922
24942.1	0.0246507
24969.8	0.0262493
24997.6	0.0249065
25025.4	0.0246988
25053.3	0.0237488
25081.2	0.0228975
25109.2	0.0250929
25137.2	0.0230834
25165.3	0.0238105
25193.5	0.0251999
25221.7	0.0245019
25250.1	0.0219843
25278.5	0.0211022
25307.0	0.0204173
25335.6	0.0200632
25364.3	0.0219769
25393.1	0.0223992
25422.0	0.0226751
25451.0	0.0221508
25480.1	0.016362
25509.4	0.0294022
33682.0	0.015679777617880412
46179.0	0.006042916506655081
53650.0	0.0
