# Wavelength_(Angstrom)	Flux_(cgs)
7898.17	0.00713373
7925.33	0.00718132
7952.69	0.00939745
7980.24	0.00458288
8007.98	0.0077415
8035.92	0.0083541
8064.05	0.0104747
8092.37	0.0147103
8120.89	0.0133656
8149.6	0.00707414
8178.51	0.0151704
8207.62	0.0104642
8236.92	0.0111795
8266.42	0.0141817
8296.12	0.0163522
8326.01	0.0159653
8356.11	0.0134233
8386.39	0.0187013
8416.88	0.017259
8447.56	0.00928139
8478.44	0.0230337
8509.52	0.0201036
8540.79	0.0195885
8572.25	0.0188896
8603.91	0.0203442
8635.77	0.0178408
8667.82	0.0139574
8700.06	0.0164357
8732.49	0.015343
8765.11	0.0169715
8797.93	0.0156975
8830.93	0.0203071
8864.13	0.0175843
8897.51	0.0174831
8931.07	0.0222653
8964.83	0.0261852
8998.76	0.0255935
9032.88	0.0234052
9067.18	0.0277545
9101.67	0.0283939
9136.33	0.0304272
9171.17	0.0357261
9206.18	0.0347003
9241.38	0.0328874
9276.74	0.0373925
9312.28	0.0363054
9347.99	0.0362458
9383.86	0.0399309
9419.91	0.0386251
9456.12	0.0400247
9492.5	0.0460311
9529.04	0.0446166
9565.73	0.0471731
9602.59	0.0449501
9639.61	0.04572
9676.78	0.0439694
9714.11	0.0486212
9751.59	0.0520082
9789.22	0.0518991
9826.99	0.054024
9864.92	0.0493654
9902.99	0.0461927
9941.2	0.0379629
9979.55	0.033316
10018.0	0.0348725
10056.7	0.0369983
10095.4	0.0428977
10134.3	0.0437657
10173.4	0.044882
10212.5	0.0461028
10251.8	0.0448955
10291.2	0.044924
10330.7	0.0490226
10370.4	0.0496786
10410.2	0.0536765
10450.1	0.0576401
10490.1	0.0578182
10530.2	0.0569244
10570.4	0.0576208
10610.7	0.0568516
10651.2	0.0584321
10691.7	0.0636997
10732.4	0.0634682
10773.1	0.0669951
10814.0	0.068252
10854.9	0.0731546
10895.9	0.0749772
10937.1	0.0729259
10978.3	0.0798599
11019.6	0.0765691
11061.0	0.0754561
11102.4	0.0746233
11144.0	0.0738317
11185.6	0.0751785
11227.3	0.0754007
11269.1	0.0772323
11311.0	0.0765167
11352.9	0.070501
11394.9	0.0704574
11437.0	0.0719348
11479.1	0.0775666
11521.3	0.0796073
11563.5	0.0839719
11605.9	0.080846
11648.2	0.0791082
11690.6	0.0774771
11733.1	0.073014
11775.6	0.0715039
11818.2	0.0727165
11860.8	0.0767678
11903.5	0.0784632
11946.2	0.075451
11989.0	0.0707257
12031.7	0.0700539
12074.6	0.0723804
12117.4	0.0778057
12160.3	0.0795328
12203.2	0.0825894
12246.2	0.0860918
12289.2	0.0895506
12332.2	0.0869295
12375.2	0.083441
12418.2	0.0795809
12461.3	0.0792006
12504.4	0.0807803
12547.5	0.0858381
12590.6	0.0904111
12633.8	0.097916
12676.9	0.0994999
12720.1	0.0995288
12763.2	0.10269
12806.4	0.101204
12849.6	0.0997382
12892.8	0.101088
12935.9	0.0995028
12979.1	0.0999862
13022.3	0.0984814
13065.5	0.0974207
13108.6	0.100861
13151.8	0.0989769
13195.0	0.0996138
13238.1	0.0980601
13281.3	0.0909762
13324.4	0.0803944
13367.5	0.0673097
13410.6	0.0567864
13453.7	0.0537464
13496.8	0.0512605
13539.8	0.052826
13582.8	0.0523801
13625.8	0.0522787
13668.8	0.0498099
13711.8	0.0506023
13754.7	0.0534053
13797.6	0.058531
13840.5	0.0546287
13883.4	0.0579683
13926.2	0.0560917
13969.0	0.0531824
14011.7	0.0445187
14054.5	0.0487546
14097.1	0.0452373
14139.8	0.0508698
14182.4	0.042122
14225.0	0.0412002
14267.5	0.0416326
14310.1	0.0439433
14352.5	0.0414146
14394.9	0.0412494
14437.3	0.04372
14479.7	0.0446665
14521.9	0.0448196
14564.2	0.0464292
14606.4	0.0465684
14648.6	0.049456
14690.7	0.0477835
14732.7	0.0485862
14774.7	0.0498377
14816.7	0.0498659
14858.6	0.0502099
14900.5	0.0515288
14942.3	0.05202
14984.0	0.0522223
15025.7	0.0524774
15067.4	0.0562773
15109.0	0.0576811
15150.5	0.0600372
15192.0	0.0602105
15233.4	0.0605124
15274.8	0.0638842
15316.1	0.0633751
15357.4	0.0647061
15398.6	0.0653636
15439.7	0.0672387
15480.8	0.0691599
15521.8	0.0700168
15562.8	0.069892
15603.7	0.0720793
15644.5	0.073603
15685.3	0.0735662
15726.0	0.076349
15766.6	0.0781349
15807.2	0.0762413
15847.8	0.0740015
15888.2	0.0735552
15928.6	0.0765313
15969.0	0.0780583
16009.3	0.0773432
16049.5	0.0772002
16089.6	0.0762844
16129.7	0.0758631
16169.7	0.0767946
16209.7	0.0775267
16249.6	0.0770768
16289.4	0.0773711
16329.1	0.0761499
16368.8	0.0779031
16408.5	0.0775142
16448.0	0.0803072
16487.5	0.0839955
16527.0	0.0840326
16566.3	0.0846654
16605.6	0.0831007
16644.9	0.0832791
16684.0	0.0839751
16723.2	0.0811107
16762.2	0.0839912
16801.2	0.083754
16840.1	0.0845281
16878.9	0.0862866
16917.7	0.0843872
16956.4	0.0830066
16995.0	0.0831003
17033.6	0.0839584
17072.1	0.0851146
17110.6	0.0813411
17149.0	0.0802923
17187.3	0.0769369
17225.6	0.0745627
17263.7	0.0739583
17301.9	0.0696091
17339.9	0.0687446
17377.9	0.0691474
17415.9	0.0662473
17453.7	0.0660821
17491.5	0.0632869
17529.3	0.062278
17567.0	0.0601881
17604.6	0.0582074
17642.1	0.0583361
17679.6	0.05671
17717.1	0.0532091
17754.4	0.0522976
17791.7	0.0515095
17829.0	0.0494778
17866.2	0.0491089
17903.3	0.0470026
17940.3	0.0469615
17977.3	0.0470243
18014.3	0.0470246
18051.1	0.0447846
18088.0	0.0476144
18124.7	0.0453436
18161.4	0.0483964
18198.0	0.049538
18234.6	0.0491588
18271.1	0.0533022
18307.6	0.0535256
18344.0	0.0504396
18380.4	0.0542901
18416.6	0.0467329
18452.9	0.0376404
18489.0	0.0458278
18525.2	0.040801
18561.2	0.0466201
18597.2	0.0410186
18633.2	0.0381485
18669.1	0.0445684
18704.9	0.0389773
18740.7	0.0351941
18776.4	0.0438427
18812.1	0.0476397
18847.7	0.0446722
18883.3	0.0452702
18918.8	0.04536
18954.2	0.0426086
18989.6	0.0452665
19025.0	0.0495937
19060.3	0.0426647
19095.5	0.0489947
19130.7	0.0497871
19165.9	0.0469202
19200.9	0.0484021
19236.0	0.0495519
19271.0	0.0452113
19305.9	0.047426
19340.8	0.0443222
19375.6	0.0458341
19410.4	0.0427214
19445.1	0.0415737
19479.8	0.0419629
19514.5	0.0415255
19549.1	0.0428031
19583.6	0.0407756
19618.1	0.0395873
19652.5	0.0389901
19686.9	0.0391674
19721.3	0.0393525
19755.5	0.0392005
19789.8	0.03839
19824.0	0.0378898
19858.1	0.036882
19892.3	0.0374232
19926.3	0.0371392
19960.3	0.0377981
19994.3	0.0419744
20028.2	0.0440407
20062.1	0.0395498
20095.9	0.0431053
20129.7	0.0404678
20163.4	0.0423672
20197.1	0.0408927
20230.7	0.039959
20264.3	0.0418338
20297.9	0.0417538
20331.4	0.0410582
20364.8	0.0422287
20398.2	0.0404674
20431.6	0.0426865
20464.9	0.0431599
20498.2	0.0439655
20531.4	0.0451948
20564.6	0.0456287
20597.8	0.0446576
20630.9	0.0471371
20663.9	0.0458705
20696.9	0.0458527
20729.9	0.0458916
20762.8	0.0473023
20795.7	0.0464921
20828.5	0.046396
20861.3	0.0474889
20894.0	0.0480497
20926.7	0.0480671
20959.3	0.048618
20991.9	0.0490525
21024.5	0.0493793
21057.0	0.0499266
21089.4	0.049771
21121.8	0.0509837
21154.2	0.0514674
21186.5	0.0509112
21218.8	0.0507803
21251.1	0.052101
21283.2	0.0522594
21315.4	0.0524268
21347.5	0.0514135
21379.5	0.051882
21411.5	0.0525038
21443.5	0.0526604
21475.4	0.0526655
21507.2	0.0533222
21539.1	0.0532448
21570.8	0.0524057
21602.5	0.0530386
21634.2	0.0534015
21665.8	0.0540525
21697.4	0.0554789
21729.0	0.0552823
21760.4	0.0530992
21791.9	0.0539391
21823.3	0.0521652
21854.6	0.0518666
21885.9	0.0530314
21917.1	0.0528474
21948.3	0.0525613
21979.5	0.0528317
22010.6	0.0521156
22041.6	0.0526091
22072.6	0.0528877
22103.6	0.0514713
22134.4	0.0524931
22165.3	0.0535452
22196.1	0.0523764
22226.8	0.0510253
22257.5	0.051872
22288.2	0.0521731
22318.8	0.0517875
22349.3	0.0495944
22379.8	0.050761
22410.3	0.0504143
22440.7	0.0506907
22471.0	0.0511842
22501.3	0.0500849
22531.5	0.0511067
22561.7	0.0496651
22591.8	0.0497146
22621.9	0.0499352
22652.0	0.0495152
22681.9	0.0486986
22711.9	0.0489252
22741.7	0.0467568
22771.6	0.0474156
22801.3	0.048278
22831.1	0.0484774
22860.7	0.0481699
22890.3	0.047465
22919.9	0.0472156
22949.4	0.0434325
22978.9	0.0404514
23008.3	0.0391699
23037.6	0.040096
23066.9	0.0404182
23096.2	0.0399929
23125.4	0.0387271
23154.5	0.0404282
23183.6	0.0400711
23212.7	0.0392794
23241.7	0.0390172
23270.6	0.0369013
23299.5	0.0353644
23328.4	0.035842
23357.2	0.0368512
23385.9	0.0358598
23414.6	0.0371621
23443.3	0.0367036
23471.9	0.0375787
23500.5	0.038207
23529.0	0.0367264
23557.4	0.0356395
23585.9	0.0348203
23614.2	0.0348195
23642.6	0.0347009
23670.8	0.0332895
23699.1	0.0356922
23727.3	0.036537
23755.4	0.0371274
23783.5	0.0345678
23811.6	0.0348231
23839.6	0.0339457
23867.6	0.034235
23895.6	0.0331997
23923.5	0.0333819
23951.4	0.0343125
23979.2	0.0337243
24007.1	0.0330995
24034.8	0.0326247
24062.6	0.0331537
24090.3	0.0315457
24118.0	0.0304871
24145.6	0.0311224
24173.3	0.0291283
24200.9	0.0294856
24228.5	0.0286309
24256.0	0.0294173
24283.6	0.0288713
24311.1	0.028847
24338.6	0.0287695
24366.1	0.0243819
24393.6	0.0261166
24421.0	0.0252862
24448.5	0.0262232
24475.9	0.0240483
24503.4	0.0254252
24530.8	0.0248834
24558.3	0.0259778
24585.7	0.0248074
33682.0	0.015961758394101525
46179.0	0.006208510610183683
53650.0	0.0
