# Wavelength_(Angstrom)	Flux_(cgs)
6627.97	0.245718
6649.65	0.00406718
6671.28	0.123311
6692.86	0.00285162
6714.4	0.0476486
6735.91	0.024335
6757.4	0.0945352
6778.87	-0.00162341
6800.34	-0.0367418
6821.81	-0.0163263
6843.29	0.106226
6864.78	-0.00845696
6886.3	0.0720134
6907.85	-0.00347449
6929.44	0.128788
6951.07	0.0616726
6972.75	0.00192268
6994.49	0.0819947
7016.29	0.0729751
7038.16	-0.0107573
7060.1	0.0380651
7082.13	0.000782173
7104.24	-0.00988724
7126.44	0.0202134
7148.73	0.0717702
7171.13	-0.00136889
7193.63	0.0298134
7216.25	0.0365427
7238.98	-0.0366527
7261.82	0.0229219
7284.8	0.0464363
7307.89	0.0318043
7331.12	-0.0129695
7354.49	-0.00373129
7377.99	0.0124889
7401.64	0.0513346
7425.44	0.0323341
7449.38	-0.0123379
7473.47	-0.00336003
7497.72	0.0118052
7522.13	0.0149939
7546.7	0.027515
7571.43	-0.0281415
7596.33	-0.0591557
7621.4	-0.0228954
7646.64	-0.0139331
7672.06	0.0380526
7697.64	0.0202227
7723.41	0.0331605
7749.35	-0.00299741
7775.48	0.000141929
7801.79	-0.012114
7828.28	-0.0119132
7854.96	-0.0112289
7881.82	0.0425621
7908.88	0.0311375
7936.12	0.0146397
7963.55	0.0181104
7991.18	0.0165339
8019.0	0.0278165
8047.01	0.0340298
8075.21	0.0149727
8103.61	0.00808749
8132.21	0.0172479
8161.0	-0.000630897
8189.99	-0.00340703
8219.17	0.0303979
8248.55	0.01661
8278.13	0.0179214
8307.91	-0.000172488
8337.88	0.0184751
8368.05	0.0234929
8398.42	0.0147598
8428.98	0.0382109
8459.74	0.0135346
8490.7	0.0365657
8521.85	0.0218135
8553.2	0.0181313
8584.74	0.0152347
8616.48	0.0360476
8648.41	0.0238295
8680.53	0.0209432
8712.85	0.0146207
8745.36	0.0181046
8778.06	0.0284289
8810.95	0.022729
8844.03	0.035043
8877.29	0.0274452
8910.75	0.0265418
8944.39	0.0272906
8978.21	0.0237081
9012.22	0.0317988
9046.41	0.036352
9080.79	0.0235497
9115.34	0.0506563
9150.07	0.0443343
9184.98	0.0408701
9220.07	0.0328802
9255.33	0.0391834
9290.76	0.0307592
9326.37	0.0317836
9362.14	0.0352468
9398.09	0.0351812
9434.2	0.0448971
9470.47	0.044466
9506.91	0.0472483
9543.52	0.0439518
9580.28	0.0442915
9617.2	0.0499859
9654.28	0.0558598
9691.51	0.0479929
9728.9	0.0535178
9766.44	0.056664
9804.12	0.0696667
9841.96	0.0587607
9879.94	0.05405
9918.07	0.0624498
9956.33	0.0426055
9994.74	0.0585164
10033.3	0.0536424
10072.0	0.053366
10110.8	0.0522344
10149.7	0.059018
10188.8	0.0536037
10228.0	0.0453491
10267.4	0.051083
10306.8	0.0585412
10346.4	0.0622575
10386.1	0.0617227
10425.9	0.05958
10465.8	0.0608639
10505.9	0.0663872
10546.1	0.0624224
10586.3	0.0708502
10626.7	0.0722859
10667.2	0.0697189
10707.8	0.0732139
10748.5	0.069854
10789.2	0.0840865
10830.1	0.0766486
10871.1	0.077336
10912.2	0.0751092
10953.3	0.0752944
10994.6	0.0752798
11035.9	0.0690639
11077.4	0.0704278
11118.9	0.0667992
11160.4	0.0669688
11202.1	0.0684243
11243.8	0.0713837
11285.7	0.0761726
11327.5	0.0732223
11369.5	0.0611406
11411.5	0.071582
11453.6	0.0719141
11495.8	0.0733443
11538.0	0.072369
11580.3	0.0724866
11622.6	0.0723693
11665.0	0.076477
11707.4	0.069084
11749.9	0.0705871
11792.5	0.0737958
11835.0	0.0746295
11877.7	0.0771456
11920.4	0.0830215
11963.1	0.0780503
12005.9	0.0826623
12048.7	0.0757242
12091.5	0.0824609
12134.4	0.0843945
12177.3	0.0875293
12220.2	0.0899094
12263.2	0.0923683
12306.1	0.0932088
12349.2	0.0930996
12392.2	0.0899962
12435.3	0.0859504
12478.3	0.0860985
12521.4	0.0867016
12564.5	0.0918504
12607.7	0.0967307
12650.8	0.0984376
12694.0	0.100294
12737.1	0.103591
12780.3	0.102667
12823.5	0.0996235
12866.6	0.0971498
12909.8	0.101425
12953.0	0.0965956
12996.2	0.0992172
13039.4	0.0991984
13082.5	0.100242
13125.7	0.0997858
13168.9	0.100505
13212.0	0.0973533
13255.2	0.0907784
13298.3	0.0775069
13341.4	0.0620762
13384.5	0.0505238
13427.6	0.0450886
13470.7	0.0375465
13513.8	0.0386005
13556.8	0.0349406
13599.8	0.0398269
13642.8	0.0397182
13685.8	0.0395141
13728.7	0.0416341
13771.7	0.0395473
13814.6	0.0379251
13857.4	0.0461635
13900.3	0.042994
13943.1	0.042722
13985.9	0.0389545
14028.6	0.0424043
14071.3	0.037958
14114.0	0.0396236
14156.6	0.0385848
14199.2	0.0395413
14241.8	0.0365599
14284.3	0.0359977
14326.8	0.0353793
14369.3	0.035948
14411.7	0.0405266
14454.0	0.0401725
14496.4	0.0421726
14538.6	0.0451262
14580.9	0.0447571
14623.1	0.0487961
14665.2	0.0474735
14707.3	0.050179
14749.3	0.0481045
14791.3	0.0522117
14833.3	0.05218
14875.2	0.0527622
14917.0	0.0530148
14958.8	0.0549882
15000.5	0.0563826
15042.2	0.0598052
15083.8	0.0616987
15125.4	0.0619328
15166.9	0.0641136
15208.4	0.0654153
15249.8	0.0652744
15291.1	0.0694234
15332.4	0.069623
15373.6	0.0776856
15414.8	0.0756218
15455.9	0.0737446
15497.0	0.0787725
15538.0	0.076177
15578.9	0.0812094
15619.8	0.0798369
15660.6	0.0808708
15701.4	0.0824295
15742.1	0.0848094
15782.7	0.0857278
15823.3	0.085206
15863.8	0.0839587
15904.2	0.0856024
15944.6	0.0842325
15984.9	0.0839663
16025.1	0.0843778
16065.3	0.0857529
16105.5	0.0874903
16145.5	0.0865756
16185.5	0.086116
16225.4	0.0830699
16265.3	0.0846435
16305.1	0.0859705
16344.8	0.0834796
16384.5	0.0848588
16424.1	0.0840538
16463.6	0.0873132
16503.1	0.0891416
16542.5	0.0871308
16581.9	0.0893503
16621.1	0.0871969
16660.4	0.0862234
16699.5	0.0865639
16738.6	0.0875768
16777.6	0.083513
16816.5	0.0873383
16855.4	0.0864931
16894.2	0.0851843
16933.0	0.0846937
16971.7	0.087471
17010.3	0.0864055
17048.9	0.0825868
17087.3	0.0820577
17125.8	0.0750491
17164.1	0.0788161
17202.4	0.0773486
17240.7	0.0761564
17278.8	0.0742339
17316.9	0.0706799
17355.0	0.06585
17392.9	0.0671347
17430.8	0.0636885
17468.7	0.061881
17506.5	0.0583688
17544.2	0.0578345
17581.8	0.0556544
17619.4	0.0540197
17657.0	0.0514819
17694.4	0.0516523
17731.8	0.050528
17769.2	0.0479375
17806.4	0.0454134
17843.7	0.0460943
17880.8	0.0424921
17917.9	0.0413689
17955.0	0.0414703
17991.9	0.0412905
18028.8	0.0387486
18065.7	0.0382674
18102.5	0.0400168
18139.2	0.0404649
18175.9	0.0370203
18212.5	0.0410371
18249.1	0.0410402
18285.6	0.0435369
18322.0	0.0382013
18358.4	0.0377184
18394.7	0.0421031
18431.0	0.032928
18467.2	0.0343253
18503.3	0.0339888
18539.4	0.0343054
18575.4	0.0306923
18611.4	0.0342712
18647.4	0.0321079
18683.2	0.0302236
18719.0	0.0375086
18754.8	0.0325196
18790.5	0.0311004
18826.2	0.0374556
18861.7	0.0386386
18897.3	0.0375951
18932.8	0.0387295
18968.2	0.0377897
19003.6	0.0389244
19038.9	0.0445211
19074.2	0.0452334
19109.4	0.0439322
19144.6	0.0434029
19179.7	0.0449603
19214.8	0.0398768
19249.8	0.0431628
19284.8	0.0358558
19319.7	0.0371779
19354.6	0.0357092
19389.4	0.0364183
19424.1	0.0343522
19458.9	0.03444
19493.5	0.0348567
19528.1	0.034928
19562.7	0.0320478
19597.2	0.0338527
19631.7	0.0347985
19666.1	0.0339504
19700.5	0.0357934
19734.8	0.0324849
19769.1	0.0329727
19803.3	0.0355776
19837.5	0.034922
19871.6	0.0364168
19905.7	0.0383366
19939.8	0.0390823
19973.7	0.0386739
20007.7	0.03367
20041.6	0.0366112
20075.4	0.0419743
20109.3	0.0373856
20143.0	0.0380785
20176.7	0.0392121
20210.4	0.0409477
20244.0	0.0415978
20277.6	0.0436605
20311.1	0.0447103
20344.6	0.0432459
20378.0	0.0471707
20411.4	0.0446821
20444.8	0.0455174
20478.1	0.0472133
20511.3	0.0473787
20544.6	0.048296
20577.7	0.0462905
20610.8	0.0497622
20643.9	0.0493706
20677.0	0.0524878
20709.9	0.0515825
20742.9	0.0517688
20775.8	0.0492462
20808.6	0.050672
20841.4	0.0509693
20874.2	0.0500295
20906.9	0.053164
20939.6	0.0529756
20972.2	0.0518702
21004.8	0.0528789
21037.3	0.0520081
21069.8	0.054056
21102.2	0.0536709
21134.6	0.0528285
21167.0	0.0528685
21199.3	0.0550822
21231.6	0.0538355
21263.8	0.0545069
21295.9	0.054496
21328.1	0.0536842
21360.1	0.0547904
21392.2	0.0530328
21424.2	0.054943
21456.1	0.0524032
21488.0	0.052213
21519.8	0.0544176
21551.6	0.0516727
21583.4	0.0505696
21615.1	0.0536805
21646.7	0.0514733
21678.3	0.0515522
21709.9	0.0509738
21741.4	0.0519023
21772.9	0.0499801
21804.3	0.0502459
21835.6	0.0510788
21867.0	0.0491031
21898.2	0.0494717
21929.5	0.0485693
21960.6	0.0500745
21991.8	0.0494406
22022.8	0.047538
22053.9	0.0484935
22084.8	0.0483266
22115.8	0.047832
22146.6	0.0485134
22177.5	0.0477413
22208.2	0.047694
22239.0	0.0471911
22269.6	0.0473089
22300.3	0.0466769
22330.9	0.0476679
22361.4	0.0450884
22391.8	0.0450842
22422.3	0.0467169
22452.6	0.04548
22483.0	0.0455832
22513.2	0.0474678
22543.4	0.0449964
22573.6	0.0434502
22603.7	0.0449669
22633.8	0.0445752
22663.8	0.0440148
22693.8	0.0424357
22723.7	0.0439947
22753.5	0.0417488
22783.3	0.0422598
22813.1	0.0431001
22842.8	0.043115
22872.4	0.0429039
22902.0	0.0417125
22931.6	0.0399358
22961.1	0.0370344
22990.5	0.0353492
23019.9	0.0346054
23049.2	0.0333006
23078.5	0.0327143
23107.7	0.0356371
23136.9	0.0345683
23166.1	0.0347488
23195.1	0.0338615
23224.2	0.0338239
23253.1	0.0318725
23282.1	0.0311239
23310.9	0.0320927
23339.8	0.0337262
23368.6	0.0324606
23397.3	0.0331164
23426.0	0.0335086
23454.6	0.0337035
23483.2	0.0332379
23511.7	0.0370268
23540.2	0.0335383
23568.7	0.0333928
23597.1	0.0321722
23625.4	0.0329651
23653.7	0.0321999
23682.0	0.0312203
23710.2	0.0310199
23738.4	0.0331305
23766.5	0.0321155
23794.6	0.0333056
23822.7	0.0312849
23850.7	0.032527
23878.7	0.0315553
23906.6	0.0328332
23934.5	0.0311106
23962.4	0.0294322
23990.2	0.032875
24018.0	0.0331342
24045.8	0.0323148
24073.5	0.0302868
24101.2	0.0328475
24128.9	0.0303263
24156.6	0.0303325
24184.2	0.0275262
24211.8	0.0312371
24239.4	0.0310889
24266.9	0.031646
24294.5	0.0307508
24322.0	0.0268566
24349.5	0.0265148
24377.0	0.0274047
24404.4	0.0267085
24431.9	0.0263523
24459.3	0.0250102
24486.8	0.0269629
24514.2	0.0249605
24541.7	0.0290583
24569.1	0.0256174
24596.5	0.0270173
24624.0	0.024971
24651.4	0.0241286
24678.9	0.0254817
24706.4	0.0124168
24733.8	0.0268613
24761.3	0.0209897
24788.9	0.0230278
24816.4	0.0233741
24844.0	0.0220753
24871.6	0.0167459
24899.2	0.0184232
24926.9	0.0183061
24954.6	0.018414
24982.3	0.0213037
25010.1	0.0188974
25037.9	0.0189922
25065.8	0.0238158
25093.8	0.0143536
25121.8	0.0160561
25149.8	0.0210127
25178.0	0.022622
25206.2	0.0199498
25234.5	0.0192327
25262.8	0.0231931
25291.3	0.0210045
25319.8	0.0205557
25348.5	0.0183756
25377.2	0.0244249
25406.1	0.00817944
25435.0	0.0154963
25464.1	0.00094907
25493.3	0.0426295
25522.6	0.0138972
25552.0	0.0489387
25581.6	0.0210149
25611.3	0.0175726
33682.0	0.018627620881040804
46179.0	0.008017963690655147
53650.0	0.0
