# Wavelength_(Angstrom)	Flux_(cgs)
6579.84	0.00419205
6601.68	0.00339903
6623.45	0.00321889
6645.14	0.0028958
6666.78	0.00252885
6688.37	0.00345068
6709.92	0.00378908
6731.44	0.00312866
6752.93	0.00338692
6774.4	0.0035167
6795.87	0.00316227
6817.34	0.00363836
6838.82	0.00396239
6860.31	0.00389541
6881.82	0.00419417
6903.36	0.00470786
6924.94	0.00533643
6946.56	0.0062941
6968.23	0.00713412
6989.96	0.00803048
7011.75	0.00905364
7033.6	0.00825562
7055.53	0.00736435
7077.54	0.00569846
7099.63	0.00433011
7121.81	0.0039593
7144.09	0.00394051
7166.46	0.0042499
7188.94	0.00486962
7211.53	0.00596069
7234.24	0.00702803
7257.06	0.00850949
7280.01	0.0110035
7303.08	0.0140122
7326.28	0.0167236
7349.62	0.0183915
7373.09	0.0199045
7396.71	0.020066
7420.47	0.0195156
7444.38	0.0202266
7468.45	0.020622
7492.66	0.0219893
7517.04	0.0236489
7541.58	0.024209
7566.27	0.0232696
7591.14	0.0209467
7616.17	0.0154119
7641.38	0.0106786
7666.75	0.00858072
7692.3	0.00866112
7718.03	0.00982272
7743.94	0.0115368
7770.03	0.0131715
7796.3	0.0141845
7822.75	0.0153222
7849.39	0.0164104
7876.22	0.0168214
7903.23	0.0168674
7930.43	0.0176249
7957.83	0.018458
7985.41	0.0209936
8013.19	0.0247287
8041.16	0.0302824
8069.33	0.0365738
8097.69	0.0417191
8126.24	0.0450364
8154.99	0.0452095
8183.94	0.0458692
8213.08	0.046282
8242.42	0.0461106
8271.96	0.0454676
8301.69	0.0438329
8331.63	0.0431253
8361.75	0.042749
8392.08	0.0401689
8422.6	0.034752
8453.32	0.0299876
8484.24	0.0266282
8515.35	0.0276117
8546.65	0.0302052
8578.16	0.0323934
8609.85	0.0338622
8641.74	0.035022
8673.83	0.0356574
8706.11	0.0374722
8738.57	0.0405998
8771.23	0.0457811
8804.09	0.0481397
8837.12	0.0486186
8870.35	0.0480854
8903.77	0.0480102
8937.37	0.0505222
8971.16	0.0534427
9005.13	0.057026
9039.28	0.0601953
9073.62	0.064782
9108.13	0.0684727
9142.83	0.0725924
9177.7	0.0722052
9212.75	0.0711021
9247.97	0.0691572
9283.37	0.068293
9318.94	0.0684625
9354.68	0.0698214
9390.59	0.0715312
9426.67	0.0735925
9462.91	0.0761776
9499.32	0.0777488
9535.88	0.0788409
9572.61	0.0792932
9609.5	0.0804776
9646.55	0.0823788
9683.75	0.0833734
9721.1	0.0843883
9758.61	0.0862103
9796.27	0.0872233
9834.07	0.0860919
9872.02	0.0793759
9910.12	0.0748498
9948.36	0.0716303
9986.74	0.0716084
10025.3	0.0736286
10063.9	0.0780581
10102.7	0.0819748
10141.6	0.0845612
10180.7	0.0840348
10219.8	0.0833652
10259.2	0.0828759
10298.6	0.0838735
10338.1	0.0861877
10377.8	0.0892969
10417.6	0.0915155
10457.5	0.0911704
10497.5	0.0901015
10537.7	0.0877171
10577.9	0.087946
10618.3	0.0888968
10658.7	0.0911379
10699.3	0.093522
10740.0	0.0963903
10780.7	0.0983274
10821.6	0.100168
10862.6	0.100737
10903.6	0.100128
10944.8	0.100682
10986.0	0.10172
11027.3	0.101196
11068.7	0.0991781
11110.2	0.0982253
11151.8	0.0983225
11193.4	0.0991733
11235.2	0.10047
11277.0	0.0996059
11318.8	0.0955438
11360.8	0.0923692
11402.8	0.0912943
11444.8	0.0946296
11487.0	0.0999871
11529.2	0.101945
11571.5	0.102025
11613.8	0.09964
11656.2	0.0975456
11698.6	0.0942588
11741.1	0.0919752
11783.6	0.092758
11826.2	0.0929219
11868.8	0.0947764
11911.5	0.0922847
11954.2	0.0894024
11996.9	0.0883568
12039.7	0.0888737
12082.6	0.091789
12125.4	0.0940926
12168.3	0.0957626
12211.3	0.0976244
12254.2	0.0978149
12297.2	0.0971561
12340.2	0.0944413
12383.2	0.0909071
12426.3	0.08909
12469.4	0.0875389
12512.5	0.0901781
12555.6	0.092401
12598.7	0.0947647
12641.8	0.0962623
12685.0	0.0972315
12728.1	0.0968177
12771.3	0.0956091
12814.5	0.0939832
12857.6	0.0947775
12900.8	0.096986
12944.0	0.0970031
12987.2	0.0967291
13030.4	0.0967689
13073.5	0.0957756
13116.7	0.0958433
13159.9	0.0955858
13203.0	0.0958723
13246.2	0.0936315
13289.3	0.0878097
13332.4	0.0810015
13375.6	0.0748548
13418.7	0.0711361
13461.7	0.069198
13504.8	0.0677647
13547.8	0.0654177
13590.9	0.0641712
13633.9	0.063188
13676.8	0.0666308
13719.8	0.0676994
13762.7	0.0643415
13805.6	0.0661977
13848.5	0.0678182
13891.4	0.0662565
13934.2	0.0644124
13977.0	0.061524
14019.7	0.0611439
14062.4	0.060609
14105.1	0.0595313
14147.8	0.0583358
14190.4	0.0582054
14233.0	0.0580938
14275.5	0.0579106
14318.0	0.0574575
14360.4	0.0583149
14402.9	0.0590289
14445.2	0.0593856
14487.6	0.060041
14529.8	0.060354
14572.1	0.0599151
14614.3	0.0592808
14656.4	0.0583885
14698.5	0.0585175
14740.6	0.0586187
14782.6	0.0587067
14824.5	0.0586455
14866.4	0.0588413
14908.3	0.059579
14950.1	0.0598923
14991.8	0.0604295
15033.5	0.0610397
15075.2	0.0612256
15116.7	0.0609981
15158.3	0.0612045
15199.7	0.0617739
15241.2	0.0626584
15282.5	0.0630506
15323.8	0.0633693
15365.1	0.0635594
15406.3	0.0636927
15447.4	0.0639822
15488.5	0.0642402
15529.5	0.0645374
15570.4	0.0647459
15611.3	0.0647995
15652.1	0.0645868
15692.9	0.0649266
15733.6	0.0658796
15774.2	0.0654678
15814.8	0.0644063
15855.3	0.0640712
15895.8	0.0644309
15936.2	0.0654557
15976.5	0.0653921
16016.8	0.0647231
16057.0	0.0639035
16097.1	0.0635781
16137.2	0.0645254
16177.2	0.065451
16217.1	0.0648817
16257.0	0.0641596
16296.8	0.0637822
16336.6	0.0631244
16376.3	0.0634284
16415.9	0.0647084
16455.4	0.0665361
16494.9	0.0670513
16534.3	0.0669516
16573.7	0.0666865
16613.0	0.0665901
16652.2	0.0660854
16691.4	0.0654399
16730.5	0.0641454
16769.5	0.0640398
16808.4	0.0645638
16847.3	0.0660431
16886.2	0.066578
16924.9	0.0656201
16963.6	0.0655926
17002.3	0.0651269
17040.8	0.0645057
17079.3	0.0637946
17117.8	0.0627241
17156.2	0.0615844
17194.5	0.0603533
17232.7	0.0594474
17270.9	0.058096
17309.0	0.0565946
17347.0	0.0560525
17385.0	0.056136
17423.0	0.0563053
17460.8	0.0555214
17498.6	0.0543611
17536.3	0.0532367
17574.0	0.0524138
17611.6	0.0517731
17649.2	0.0511436
17686.6	0.0502679
17724.0	0.0489919
17761.4	0.0481134
17798.7	0.0472763
17835.9	0.0466031
17873.1	0.045765
17910.2	0.0449911
17947.2	0.0445936
17984.2	0.043651
18021.2	0.0432654
18058.0	0.0421369
18094.8	0.0418872
18131.6	0.0413753
18168.3	0.0408287
18204.9	0.0424275
18241.5	0.0419666
18278.0	0.0423902
18314.4	0.0409294
18350.8	0.0393143
18387.1	0.0397721
18423.4	0.0388365
18459.6	0.0385399
18495.8	0.0383635
18531.9	0.0363321
18568.0	0.036075
18603.9	0.0361186
18639.9	0.0341082
18675.8	0.0338411
18711.6	0.0310594
18747.4	0.0379959
18783.1	0.0382629
18818.7	0.0381126
18854.3	0.0376792
18889.9	0.0366422
18925.4	0.0372479
18960.8	0.0355936
18996.2	0.0361002
19031.6	0.037589
19066.9	0.0387091
19102.1	0.0378603
19137.3	0.0386987
19172.4	0.0385965
19207.5	0.0385923
19242.5	0.0370833
19277.5	0.0366443
19312.4	0.036464
19347.3	0.0355378
19382.1	0.0356195
19416.9	0.0343513
19451.6	0.0337912
19486.3	0.0330986
19520.9	0.0329915
19555.5	0.0342301
19590.0	0.0351081
19624.5	0.035881
19659.0	0.0361799
19693.3	0.035815
19727.7	0.0342446
19762.0	0.0322403
19796.2	0.0318242
19830.4	0.0319018
19864.5	0.0325005
19898.6	0.0325537
19932.7	0.0329581
19966.7	0.0331079
20000.6	0.0328568
20034.5	0.0322663
20068.4	0.0328002
20102.2	0.032879
20136.0	0.0329654
20169.7	0.0336099
20203.4	0.0339187
20237.0	0.0337132
20270.6	0.0333575
20304.1	0.0332147
20337.6	0.0331541
20371.1	0.0332284
20404.5	0.033271
20437.8	0.0332708
20471.2	0.0330654
20504.4	0.0328344
20537.7	0.0330337
20570.8	0.0335858
20604.0	0.0332282
20637.0	0.033356
20670.1	0.0332781
20703.1	0.0335836
20736.0	0.0338452
20768.9	0.0338895
20801.8	0.0338333
20834.6	0.0339749
20867.4	0.0340537
20900.1	0.0343777
20932.8	0.034234
20965.4	0.0343105
20998.0	0.0342947
21030.5	0.0345684
21063.0	0.0346105
21095.5	0.034714
21127.9	0.034986
21160.3	0.0351322
21192.6	0.035298
21224.8	0.0353255
21257.1	0.0352737
21289.3	0.0353296
21321.4	0.0353803
21353.5	0.0356842
21385.5	0.035577
21417.5	0.0358248
21449.4	0.0359178
21481.3	0.0359196
21513.2	0.03555
21545.0	0.0354433
21576.8	0.0350917
21608.5	0.0350415
21640.1	0.0358092
21671.8	0.0368231
21703.3	0.0368472
21734.8	0.0363264
21766.3	0.035934
21797.7	0.0359822
21829.1	0.0361038
21860.5	0.0362124
21891.7	0.0360958
21923.0	0.0362275
21954.2	0.0361282
21985.3	0.0361529
22016.4	0.0356299
22047.4	0.0348409
22078.4	0.034388
22109.3	0.0346996
22140.2	0.0356303
22171.1	0.0360316
22201.8	0.0360458
22232.6	0.0364008
22263.3	0.0362922
22293.9	0.0361387
22324.5	0.0357452
22355.0	0.0356062
22385.5	0.0356018
22415.9	0.0360308
22446.3	0.0359653
22476.7	0.0357698
22506.9	0.0356854
22537.2	0.0356541
22567.3	0.0355799
22597.5	0.0352199
22627.5	0.0349176
22657.6	0.0347492
22687.5	0.0346694
22717.4	0.0346802
22747.3	0.034651
22777.1	0.0346969
22806.9	0.0344702
22836.6	0.0344713
22866.3	0.0344534
22895.9	0.0341933
22925.4	0.032546
22954.9	0.03075
22984.4	0.0296265
23013.8	0.0301464
23043.1	0.0306131
23072.4	0.0309956
23101.7	0.0308481
23130.9	0.0307094
23160.0	0.0303948
23189.1	0.030102
23218.1	0.0289609
23247.1	0.0275741
23276.1	0.027318
23304.9	0.027696
23333.8	0.0278948
23362.6	0.0279145
23391.3	0.0277145
23420.0	0.0277971
23448.7	0.0281347
23477.2	0.0281464
23505.8	0.0274278
23534.3	0.0263569
23562.8	0.0256841
23591.2	0.0258361
23619.5	0.0262271
23647.8	0.026388
23676.1	0.0262598
23704.4	0.0261492
23732.5	0.0267606
23760.7	0.0265865
23788.8	0.02616
23816.9	0.0252887
23844.9	0.0248142
23872.9	0.024387
23900.8	0.0244383
23928.7	0.0247059
23956.6	0.0246484
23984.4	0.0244279
24012.2	0.0239878
24040.0	0.023558
24067.8	0.0232662
24095.5	0.0230627
24123.2	0.0225682
24150.8	0.0219537
24178.4	0.0219395
24206.0	0.0221364
24233.6	0.0219237
24261.2	0.0219519
24288.7	0.0217793
24316.2	0.0210642
24343.7	0.0205803
24371.2	0.0212009
24398.7	0.0209068
24426.2	0.0199797
24453.6	0.0196402
24481.1	0.019384
24508.5	0.0193124
24536.0	0.0197585
24563.4	0.0194628
24590.8	0.0185761
24618.3	0.0184861
24645.7	0.0188624
24673.2	0.0181297
24700.6	0.0178779
24728.1	0.0176859
24755.6	0.0180333
24783.1	0.0174216
24810.7	0.017248
24838.2	0.0173031
24865.8	0.0170978
24893.4	0.0164575
24921.1	0.0162255
24948.8	0.0170123
24976.5	0.0177233
25004.3	0.0166485
25032.1	0.0156476
25060.0	0.015616
25087.9	0.0155621
25115.9	0.0157443
25144.0	0.0150134
25172.1	0.0149311
25200.3	0.0163862
25228.6	0.0155327
25256.9	0.0151234
25285.4	0.0148212
25313.9	0.0140402
25342.5	0.0144248
25371.2	0.0150802
25400.0	0.0156976
25429.0	0.0141597
25458.0	0.0134504
25487.2	0.0129691
25516.5	0.0139324
25545.9	0.0146039
25575.4	0.0170694
25605.1	0.0150876
33682.0	0.008623044699781217
46179.0	0.003232714358768346
53650.0	0.0
