# Wavelength_(Angstrom)	Flux_(cgs)
6568.84	0.0103115
6590.73	0.0111449
6612.53	0.0211325
6634.26	0.0105109
6655.93	0.0118638
6677.54	0.00801433
6699.11	0.0320562
6720.64	0.00454793
6742.14	0.0172672
6763.62	-0.0060344
6785.09	0.00459885
6806.56	0.0148873
6828.03	0.0112965
6849.52	0.0077273
6871.02	0.010714
6892.54	0.0203722
6914.1	0.00786849
6935.7	0.00102809
6957.35	-0.000295219
6979.05	0.0110627
7000.8	-0.00230044
7022.62	0.000939343
7044.51	0.00614734
7066.48	-0.00647133
7088.53	-0.000108143
7110.66	0.00714516
7132.89	0.00911065
7155.22	0.00213987
7177.64	0.00698772
7200.18	-0.00757367
7222.82	0.00974699
7245.59	-0.00600158
7268.47	0.00375555
7291.48	0.000642844
7314.61	0.00524939
7337.88	0.0143246
7361.29	0.000112371
7384.83	-0.00280731
7408.52	0.00803026
7432.36	0.00113786
7456.35	-0.000207358
7480.49	0.0024274
7504.78	0.00941081
7529.24	-0.000165228
7553.85	0.00128305
7578.63	0.00282117
7603.58	0.00144194
7628.7	-0.00329982
7653.99	0.000297645
7679.45	0.00401829
7705.09	-0.00468136
7730.91	0.00183887
7756.91	0.00258583
7783.09	0.000419862
7809.45	0.00582616
7835.99	-0.000348511
7862.73	0.000749866
7889.65	0.00186806
7916.75	0.00292839
7944.05	0.00175737
7971.54	0.0087802
7999.22	0.00364806
8027.1	0.00741134
8055.16	0.0104119
8083.43	0.00562884
8111.88	0.0102549
8140.54	0.0117514
8169.38	0.00896334
8198.43	0.011768
8227.67	0.0145076
8257.11	0.0109052
8286.74	0.00882176
8316.58	0.0140702
8346.6	0.0158864
8376.83	0.0149158
8407.25	0.0158304
8437.87	0.0194514
8468.69	0.0180131
8499.7	0.0188894
8530.91	0.0156526
8562.32	0.0155116
8593.92	0.0186395
8625.71	0.0168668
8657.7	0.0182644
8689.88	0.0147106
8722.25	0.0132389
8754.82	0.0140359
8787.57	0.0162082
8820.51	0.0168115
8853.65	0.0181567
8886.97	0.0178612
8920.48	0.0177247
8954.17	0.0197512
8988.05	0.0187789
9022.11	0.019556
9056.36	0.0245022
9090.78	0.0233928
9125.39	0.0294824
9160.17	0.0263547
9195.13	0.0235078
9230.27	0.0293786
9265.58	0.0309417
9301.06	0.0304746
9336.72	0.0343326
9372.54	0.0294722
9408.54	0.0302039
9444.69	0.0328075
9481.02	0.0305284
9517.51	0.037952
9554.15	0.0355194
9590.96	0.0378362
9627.93	0.0389066
9665.05	0.036496
9702.33	0.0384092
9739.76	0.0396203
9777.34	0.0379487
9815.07	0.0401479
9852.95	0.0429607
9890.98	0.03958
9929.14	0.0415204
9967.45	0.0411951
10005.9	0.0378828
10044.5	0.0379121
10083.2	0.0377412
10122.1	0.0356169
10161.0	0.0390713
10200.2	0.0435219
10239.4	0.0437463
10278.8	0.0432001
10318.3	0.0459603
10357.9	0.0452738
10397.6	0.0445859
10437.5	0.0479463
10477.4	0.0539754
10517.5	0.0516898
10557.7	0.0524901
10598.0	0.0563129
10638.4	0.0549455
10678.9	0.0553528
10719.6	0.0572196
10760.3	0.0577378
10801.1	0.05898
10842.0	0.0601753
10883.0	0.0640526
10924.1	0.0615191
10965.3	0.0608727
11006.6	0.0608418
11047.9	0.0580934
11089.4	0.0599605
11130.9	0.0586894
11172.5	0.0592889
11214.2	0.0605087
11256.0	0.0568079
11297.8	0.0622149
11339.7	0.05831
11381.7	0.0594783
11423.7	0.0595069
11465.8	0.0588794
11508.0	0.0620918
11550.2	0.062624
11592.5	0.0637151
11634.9	0.0661735
11677.3	0.0628136
11719.7	0.0631306
11762.2	0.0624139
11804.8	0.0628488
11847.4	0.0635635
11890.1	0.0649938
11932.7	0.0695669
11975.5	0.0710151
12018.3	0.0692611
12061.1	0.0668037
12103.9	0.0690148
12146.8	0.0690262
12189.7	0.0734572
12232.6	0.07557
12275.6	0.0791795
12318.6	0.0795396
12361.6	0.0816976
12404.7	0.082591
12447.7	0.0804203
12490.8	0.0793289
12533.9	0.0824675
12577.0	0.080645
12620.2	0.0803175
12663.3	0.0839486
12706.5	0.0888807
12749.6	0.0909647
12792.8	0.088796
12836.0	0.0901073
12879.1	0.0908525
12922.3	0.0916702
12965.5	0.0913018
13008.7	0.0906746
13051.9	0.0933667
13095.0	0.0933845
13138.2	0.0899557
13181.4	0.0914014
13224.5	0.0899979
13267.7	0.0868525
13310.8	0.0823497
13353.9	0.0783865
13397.0	0.0699471
13440.1	0.0584733
13483.2	0.0517747
13526.2	0.0530844
13569.3	0.0488159
13612.3	0.0472919
13655.3	0.0398948
13698.2	0.0402592
13741.2	0.0385113
13784.1	0.0478563
13827.0	0.0515817
13869.9	0.0569394
13912.7	0.0507778
13955.5	0.0486624
13998.3	0.0600402
14041.0	0.0576765
14083.7	0.0448587
14126.4	0.0492557
14169.0	0.0473186
14211.6	0.0441316
14254.1	0.0455717
14296.7	0.0475207
14339.1	0.0458049
14381.6	0.0485461
14424.0	0.0498474
14466.3	0.0477203
14508.6	0.0498028
14550.9	0.0510095
14593.1	0.0525384
14635.3	0.0525092
14677.4	0.0551027
14719.5	0.0545436
14761.5	0.056467
14803.5	0.0550537
14845.4	0.0563568
14887.3	0.0606513
14929.1	0.0631138
14970.9	0.0643538
15012.6	0.0638052
15054.3	0.0629143
15095.9	0.0666627
15137.4	0.0674319
15178.9	0.0699983
15220.4	0.0701671
15261.8	0.0721446
15303.1	0.0716815
15344.4	0.0753262
15385.6	0.0779141
15426.7	0.0750932
15467.8	0.0784331
15508.9	0.0778545
15549.9	0.0830244
15590.8	0.0838003
15631.6	0.0845772
15672.4	0.0830398
15713.2	0.0882815
15753.8	0.0889552
15794.5	0.0854382
15835.0	0.0900276
15875.5	0.0890534
15915.9	0.0875957
15956.3	0.0870926
15996.6	0.0902392
16036.8	0.0916737
16077.0	0.0927246
16117.1	0.0918334
16157.1	0.0960908
16197.1	0.0939097
16237.0	0.0936629
16276.8	0.0967418
16316.6	0.097168
16356.3	0.0966153
16396.0	0.0969465
16435.6	0.0994678
16475.1	0.0952398
16514.6	0.0978738
16553.9	0.0981437
16593.3	0.100139
16632.5	0.100775
16671.7	0.100884
16710.8	0.101331
16749.9	0.0916276
16788.9	0.0996768
16827.8	0.0980262
16866.7	0.103423
16905.5	0.102565
16944.2	0.10186
16982.9	0.0995313
17021.5	0.100301
17060.0	0.09782
17098.5	0.097523
17136.9	0.0955296
17175.2	0.0929231
17213.5	0.0951919
17251.7	0.09094
17289.9	0.0870342
17328.0	0.0864662
17366.0	0.0864232
17403.9	0.0842982
17441.8	0.0866048
17479.6	0.0812625
17517.4	0.0797047
17555.1	0.0774217
17592.7	0.0788852
17630.3	0.0738915
17667.8	0.0725509
17705.3	0.0692317
17742.7	0.0652034
17780.0	0.0679042
17817.2	0.067345
17854.4	0.0637121
17891.6	0.0640203
17928.7	0.0616911
17965.7	0.0560081
18002.6	0.0599023
18039.5	0.0608524
18076.4	0.0591408
18113.1	0.0549523
18149.9	0.0565232
18186.5	0.0586659
18223.1	0.0586577
18259.6	0.0568585
18296.1	0.0542683
18332.5	0.0639967
18368.9	0.0568073
18405.2	0.058364
18441.5	0.056223
18477.7	0.0401646
18513.8	0.0557712
18549.9	0.0631373
18585.9	0.0491024
18621.8	0.0508432
18657.8	0.0485414
18693.6	0.0492501
18729.4	0.0605912
18765.2	0.0512527
18800.8	0.0443794
18836.5	0.0453922
18872.1	0.056876
18907.6	0.0596103
18943.1	0.0545418
18978.5	0.0559693
19013.8	0.0517559
19049.2	0.0641628
19084.4	0.0536161
19119.6	0.0509237
19154.8	0.0629501
19189.9	0.0676703
19224.9	0.057915
19259.9	0.0616582
19294.9	0.0609299
19329.8	0.0647713
19364.7	0.0553979
19399.5	0.0582013
19434.2	0.0591984
19468.9	0.0514982
19503.6	0.0539648
19538.2	0.0578774
19572.7	0.0547616
19607.2	0.05685
19641.7	0.0477632
19676.1	0.0507904
19710.4	0.0528657
19744.7	0.0548782
19779.0	0.0536977
19813.2	0.0543124
19847.4	0.0517017
19881.5	0.0557421
19915.6	0.0538071
19949.6	0.0523879
19983.6	0.0518255
20017.5	0.0609785
20051.4	0.0593458
20085.2	0.0539475
20119.0	0.0512184
20152.8	0.0549451
20186.5	0.058004
20220.1	0.056283
20253.8	0.0566816
20287.3	0.0602942
20320.8	0.0612655
20354.3	0.0621235
20387.7	0.0584619
20421.1	0.0630616
20454.4	0.0589683
20487.7	0.0618668
20521.0	0.0643298
20554.2	0.0662387
20587.3	0.063903
20620.4	0.0630324
20653.5	0.0676565
20686.5	0.0693694
20719.5	0.0707838
20752.4	0.0658519
20785.3	0.0688483
20818.1	0.0687371
20850.9	0.0685822
20883.7	0.0725346
20916.4	0.0723962
20949.0	0.0718972
20981.7	0.0703624
21014.2	0.0711452
21046.7	0.0716853
21079.2	0.0708051
21111.6	0.0707661
21144.0	0.0762078
21176.4	0.0718113
21208.7	0.0744402
21240.9	0.0730417
21273.1	0.0736614
21305.3	0.0724097
21337.4	0.0745131
21369.4	0.0726443
21401.4	0.0743871
21433.4	0.0761517
21465.3	0.0768289
21497.2	0.0760156
21529.0	0.0744938
21560.8	0.0729006
21592.6	0.0752014
21624.3	0.0751113
21655.9	0.0759477
21687.5	0.0745962
21719.0	0.0737772
21750.5	0.074798
21782.0	0.074097
21813.4	0.0755439
21844.7	0.0730077
21876.0	0.0722077
21907.3	0.0741707
21938.5	0.071052
21969.7	0.0715872
22000.8	0.0729052
22031.8	0.0738693
22062.8	0.0726999
22093.8	0.0719433
22124.7	0.0730297
22155.6	0.0734992
22186.4	0.0746819
22217.2	0.0730233
22247.9	0.0712227
22278.5	0.0716389
22309.1	0.0725042
22339.7	0.0687402
22370.2	0.069241
22400.7	0.0701319
22431.1	0.0706321
22461.4	0.0690704
22491.7	0.0718079
22522.0	0.0706716
22552.2	0.069376
22582.3	0.0693814
22612.5	0.0680689
22642.5	0.0695478
22672.5	0.0682559
22702.4	0.0689157
22732.3	0.0682187
22762.2	0.0691558
22792.0	0.0671351
22821.7	0.0686819
22851.4	0.0687184
22881.0	0.0655351
22910.6	0.0658153
22940.1	0.0644328
22969.6	0.0620738
22999.0	0.0579505
23028.4	0.0529525
23057.7	0.0545812
23087.0	0.0534914
23116.2	0.0531146
23145.4	0.0552923
23174.5	0.0534011
23203.6	0.0579268
23232.6	0.0565956
23261.5	0.0559411
23290.4	0.0544363
23319.3	0.0529643
23348.1	0.05591
23376.9	0.0537607
23405.6	0.0526134
23434.3	0.0543433
23462.9	0.0550947
23491.5	0.0544578
23520.0	0.0549667
23548.5	0.0541467
23576.9	0.0536579
23605.3	0.0540765
23633.6	0.0522958
23661.9	0.0459252
23690.2	0.0491929
23718.4	0.0500473
23746.6	0.0511032
23774.7	0.0496529
23802.8	0.0487567
23830.8	0.0535147
23858.8	0.0506991
23886.8	0.0487617
23914.7	0.0491226
23942.6	0.0512894
23970.5	0.0528117
23998.3	0.0499207
24026.1	0.0500985
24053.8	0.0516676
24081.6	0.050972
24109.3	0.0488292
24136.9	0.0507388
24164.6	0.0478195
24192.2	0.0522801
24219.8	0.0497692
24247.4	0.0469677
24274.9	0.0479739
24302.4	0.0455922
24329.9	0.0483186
24357.4	0.0482329
24384.9	0.0465078
24412.4	0.0440236
24439.8	0.0473615
24467.3	0.046571
24494.7	0.0457291
24522.2	0.0472938
24549.6	0.0448296
24577.1	0.0423631
24604.5	0.0438206
24631.9	0.0481083
24659.4	0.042388
24686.8	0.0440012
24714.3	0.0425818
24741.8	0.0392037
24769.3	0.0424278
24796.8	0.036779
24824.4	0.0406175
24852.0	0.0510554
24879.6	0.0360047
24907.2	0.044091
24934.9	0.0459079
24962.6	0.034534
24990.3	0.037452
25018.1	0.0379702
25046.0	0.0415376
25073.9	0.0393671
25101.9	0.0409522
25129.9	0.0268679
25158.0	0.044804
25186.1	0.0177252
25214.4	0.0383386
25242.7	0.0373572
25271.1	0.0461601
25299.6	0.0263365
25328.1	0.0517252
25356.8	0.0328284
25385.6	0.0254696
25414.4	0.0129537
25443.4	0.0450154
25472.5	0.0572218
25501.7	0.0226916
25531.1	0.00749268
25560.6	0.0397724
25590.2	0.0111442
25620.0	0.0352217
25649.9	-0.00696642
33682.0	0.026295522652448694
46179.0	0.010809074300948308
53650.0	0.0
