# Wavelength_(Angstrom)	Flux_(cgs)
6588.77	-0.000963341
6610.58	0.0133606
6632.31	-0.00970439
6653.98	-0.0248882
6675.6	-0.00109932
6697.17	0.0150149
6718.71	-0.00368004
6740.21	-0.0191222
6761.7	-0.00381494
6783.17	0.0183648
6804.64	-0.0136413
6826.11	0.0111057
6847.59	-0.00893892
6869.09	0.0191845
6890.61	0.0112034
6912.17	-0.0160444
6933.76	-0.00402117
6955.4	0.0115203
6977.1	0.00689668
6998.85	0.0137972
7020.66	0.00171012
7042.55	0.0148154
7064.5	0.0122336
7086.55	-0.00634423
7108.67	0.00123622
7130.89	-0.00450785
7153.21	0.00626927
7175.63	0.000840644
7198.15	0.00721794
7220.79	0.00862819
7243.54	-0.0030153
7266.41	-0.000861123
7289.41	-0.00447333
7312.53	0.0026976
7335.79	-5.67244e-07
7359.18	0.00939142
7382.72	0.0027662
7406.39	0.00593939
7430.22	-0.00552532
7454.19	0.00657722
7478.31	-0.000865954
7502.6	0.00428705
7527.04	0.00299797
7551.64	-0.00477802
7576.4	0.000696786
7601.34	-0.000587608
7626.44	-0.00199839
7651.71	-0.0012262
7677.16	0.000827661
7702.79	-0.00389211
7728.59	0.00861464
7754.57	0.00289704
7780.73	0.0028014
7807.07	0.00196191
7833.6	-0.00133169
7860.32	-0.00151603
7887.22	0.00392541
7914.31	-0.00324394
7941.6	0.00161883
7969.07	0.00493439
7996.73	0.00498891
8024.59	0.00710829
8052.64	0.00505437
8080.88	0.00325378
8109.32	0.00607592
8137.96	0.0059726
8166.79	0.00847832
8195.81	0.0131321
8225.04	0.0147538
8254.46	0.0112652
8284.08	0.0126479
8313.89	0.0122337
8343.9	0.0125417
8374.11	0.0117669
8404.52	0.0182829
8435.12	0.0156266
8465.92	0.0147174
8496.91	0.0147897
8528.11	0.0220512
8559.49	0.0161226
8591.07	0.0131898
8622.85	0.0167181
8654.82	0.0176601
8686.98	0.0178776
8719.34	0.0151382
8751.89	0.0192306
8784.62	0.0213515
8817.55	0.0199072
8850.67	0.0220578
8883.97	0.0218536
8917.46	0.0242729
8951.14	0.0251335
8985.0	0.0275219
9019.05	0.027218
9053.28	0.0315556
9087.69	0.0273784
9122.28	0.0305459
9157.04	0.0346544
9191.99	0.0378696
9227.11	0.032539
9262.41	0.0345209
9297.87	0.0338558
9333.51	0.037796
9369.32	0.0343273
9405.3	0.0360081
9441.44	0.0402829
9477.75	0.0402284
9514.23	0.0418927
9550.86	0.0400224
9587.65	0.0427756
9624.61	0.0435873
9661.72	0.0411112
9698.98	0.048183
9736.4	0.0487291
9773.97	0.0521016
9811.68	0.0515826
9849.55	0.0482417
9887.56	0.0460935
9925.71	0.0492462
9964.01	0.0491295
10002.4	0.0503291
10041.0	0.0504893
10079.7	0.0535863
10118.6	0.0501023
10157.5	0.051815
10196.7	0.0547427
10235.9	0.0557935
10275.2	0.0571441
10314.7	0.0616073
10354.3	0.0568704
10394.1	0.0608041
10433.9	0.0607015
10473.8	0.0607289
10513.9	0.0623822
10554.1	0.0635677
10594.4	0.0655377
10634.8	0.0658718
10675.3	0.0667062
10715.9	0.0676884
10756.6	0.068291
10797.4	0.0707282
10838.3	0.0698372
10879.3	0.0687214
10920.4	0.0701295
10961.6	0.0684317
11002.9	0.067039
11044.2	0.0640518
11085.7	0.0670827
11127.2	0.0654047
11168.8	0.0645863
11210.5	0.0662186
11252.2	0.0665983
11294.0	0.0645536
11335.9	0.0642979
11377.9	0.0652827
11419.9	0.0650116
11462.0	0.0682383
11504.2	0.0685313
11546.4	0.0682608
11588.7	0.0667191
11631.1	0.0670968
11673.5	0.0681028
11715.9	0.0663433
11758.4	0.0670069
11801.0	0.0688152
11843.6	0.0711317
11886.2	0.0719546
11928.9	0.0763678
11971.6	0.0772569
12014.4	0.0773558
12057.2	0.0803719
12100.1	0.0797121
12142.9	0.0797481
12185.9	0.0829928
12228.8	0.0849708
12271.8	0.0877093
12314.8	0.0896962
12357.8	0.0884834
12400.8	0.088626
12443.9	0.0895099
12487.0	0.0880022
12530.1	0.0939155
12573.2	0.0929609
12616.3	0.0949459
12659.4	0.0948829
12702.6	0.097484
12745.8	0.0961504
12788.9	0.0945694
12832.1	0.0949703
12875.3	0.0921258
12918.5	0.0945405
12961.6	0.0977936
13004.8	0.0948495
13048.0	0.0953525
13091.2	0.0951322
13134.3	0.0951746
13177.5	0.094854
13220.7	0.0935994
13263.8	0.0876091
13306.9	0.0807747
13350.1	0.0737019
13393.2	0.064894
13436.2	0.0533032
13479.3	0.0512057
13522.4	0.0490994
13565.4	0.0500988
13608.4	0.0487253
13651.4	0.0519257
13694.4	0.050351
13737.3	0.0591181
13780.3	0.0592921
13823.1	0.0593186
13866.0	0.0571882
13908.8	0.0573318
13951.6	0.0589073
13994.4	0.0547682
14037.2	0.0546463
14079.9	0.0483307
14122.5	0.0471057
14165.2	0.0460783
14207.8	0.0487151
14250.3	0.0451872
14292.8	0.0425428
14335.3	0.0480057
14377.8	0.0461795
14420.2	0.048975
14462.5	0.0502774
14504.8	0.0522922
14547.1	0.0527085
14589.3	0.0556193
14631.5	0.0551823
14673.6	0.0586099
14715.7	0.0599596
14757.7	0.0558302
14799.7	0.0605763
14841.6	0.0622522
14883.5	0.062235
14925.4	0.0641515
14967.1	0.0618286
15008.9	0.0626099
15050.5	0.0681722
15092.1	0.0701707
15133.7	0.0690066
15175.2	0.0684741
15216.7	0.0747747
15258.1	0.0724781
15299.4	0.0791166
15340.7	0.0804066
15381.9	0.0829068
15423.1	0.0853588
15464.2	0.0847845
15505.2	0.0905654
15546.2	0.0883164
15587.1	0.0900174
15628.0	0.0802941
15668.8	0.0891444
15709.5	0.0927335
15750.2	0.0962191
15790.8	0.0936431
15831.4	0.0945412
15871.9	0.0925375
15912.3	0.0968968
15952.7	0.0964195
15993.0	0.09482
16033.2	0.099848
16073.4	0.0971371
16113.5	0.09826
16153.5	0.0994979
16193.5	0.0984431
16233.4	0.101503
16273.3	0.0958895
16313.1	0.102398
16352.8	0.10002
16392.4	0.0989615
16432.0	0.0974159
16471.6	0.100187
16511.0	0.0986396
16550.4	0.0989698
16589.7	0.102506
16629.0	0.100699
16668.2	0.10131
16707.3	0.0988934
16746.4	0.100321
16785.4	0.0999347
16824.3	0.100324
16863.2	0.0976992
16902.0	0.0989493
16940.7	0.096108
16979.4	0.0949362
17018.0	0.0976073
17056.6	0.0929647
17095.0	0.096717
17133.5	0.0956532
17171.8	0.0943793
17210.1	0.0949292
17248.3	0.0899924
17286.5	0.0879341
17324.5	0.0842166
17362.6	0.0803539
17400.5	0.0838793
17438.4	0.0793961
17476.3	0.0784755
17514.0	0.0751935
17551.7	0.0746167
17589.4	0.0711818
17626.9	0.0704
17664.5	0.0670762
17701.9	0.0654163
17739.3	0.0648927
17776.6	0.0622427
17813.9	0.0340255
17851.1	0.0586038
17888.3	0.0617657
17925.3	0.0572026
17962.4	0.0583804
17999.3	0.0355976
18036.2	0.0583067
18073.1	0.0573968
18109.8	0.0430955
18146.6	0.0628535
18183.2	0.0604596
18219.8	0.0547387
18256.4	0.0654857
18292.9	0.063185
18329.3	0.0656668
18365.6	0.0678413
18402.0	0.064682
18438.2	0.0589276
18474.4	0.0596308
18510.5	0.0589802
18546.6	0.0592713
18582.7	0.0591113
18618.6	0.0615493
18654.5	0.0534234
18690.4	0.0588567
18726.2	0.0512422
18761.9	0.053305
18797.6	0.0541375
18833.3	0.0514445
18868.9	0.0584008
18904.4	0.0634406
18939.9	0.0613471
18975.3	0.0695251
19010.7	0.0627162
19046.0	0.0699529
19081.3	0.064089
19116.5	0.0741959
19151.6	0.0701405
19186.7	0.0696098
19221.8	0.0701405
19256.8	0.0703235
19291.8	0.0589308
19326.7	0.0585912
19361.5	0.0549873
19396.3	0.0556872
19431.1	0.0547466
19465.8	0.0518674
19500.4	0.0540491
19535.1	0.0515809
19569.6	0.0480666
19604.1	0.0466453
19638.6	0.0513491
19673.0	0.0518973
19707.4	0.0489786
19741.7	0.0489994
19775.9	0.0470903
19810.2	0.050096
19844.3	0.0457326
19878.5	0.0513229
19912.5	0.050726
19946.6	0.0519797
19980.5	0.0531472
20014.5	0.0548714
20048.4	0.0591944
20082.2	0.0530906
20116.0	0.0610937
20149.8	0.0624534
20183.5	0.0632932
20217.1	0.0546763
20250.7	0.0562155
20284.3	0.0570226
20317.8	0.0590101
20351.3	0.0621899
20384.7	0.0616256
20418.1	0.0627741
20451.5	0.0633683
20484.7	0.0649441
20518.0	0.0678317
20551.2	0.0670017
20584.4	0.0672144
20617.5	0.0703878
20650.5	0.069342
20683.6	0.0677379
20716.5	0.0704173
20749.5	0.0690368
20782.4	0.070745
20815.2	0.0714355
20848.0	0.0692732
20880.7	0.070797
20913.4	0.0714516
20946.1	0.0713931
20978.7	0.0707886
21011.3	0.0721036
21043.8	0.0726137
21076.3	0.0711227
21108.7	0.0718415
21141.1	0.0725347
21173.5	0.0696497
21205.8	0.0700319
21238.0	0.0697749
21270.2	0.0716681
21302.4	0.0685325
21334.5	0.0739017
21366.6	0.0721627
21398.6	0.0712794
21430.5	0.0719103
21462.5	0.0696722
21494.4	0.0708278
21526.2	0.0698238
21558.0	0.067788
21589.7	0.0691769
21621.4	0.0689919
21653.1	0.0701713
21684.7	0.066746
21716.2	0.0687099
21747.7	0.0701488
21779.2	0.0694146
21810.6	0.0703737
21841.9	0.068566
21873.2	0.0669336
21904.5	0.0648703
21935.7	0.0654548
21966.9	0.067357
21998.0	0.0675991
22029.0	0.0669336
22060.1	0.0650456
22091.0	0.066518
22121.9	0.0651921
22152.8	0.0640619
22183.6	0.0623248
22214.4	0.0633504
22245.1	0.0650745
22275.8	0.0619756
22306.4	0.0632089
22337.0	0.0630033
22367.5	0.0637224
22397.9	0.0615059
22428.4	0.0635253
22458.7	0.0630182
22489.0	0.0612144
22519.3	0.0609822
22549.5	0.0600881
22579.6	0.0622964
22609.8	0.0625137
22639.8	0.0616763
22669.8	0.0592915
22699.8	0.0602663
22729.6	0.0588138
22759.5	0.0590522
22789.3	0.0599315
22819.0	0.059729
22848.7	0.0584726
22878.4	0.0582142
22907.9	0.0582468
22937.5	0.0548849
22967.0	0.051979
22996.4	0.0506943
23025.8	0.0460078
23055.1	0.0474503
23084.4	0.0462404
23113.6	0.0472821
23142.8	0.0475513
23171.9	0.0471043
23200.9	0.0466794
23230.0	0.0454844
23258.9	0.0452882
23287.9	0.0444552
23316.7	0.0431258
23345.5	0.0444854
23374.3	0.0438224
23403.0	0.0454592
23431.7	0.0453058
23460.3	0.0459286
23488.9	0.0427892
23517.4	0.0463437
23545.9	0.0462043
23574.4	0.044854
23602.7	0.0451732
23631.1	0.0434413
23659.4	0.0468026
23687.7	0.0453444
23715.9	0.0451125
23744.0	0.0420258
23772.2	0.0445901
23800.3	0.0443301
23828.3	0.0424254
23856.3	0.042949
23884.3	0.0438309
23912.2	0.0463973
23940.1	0.0440571
23968.0	0.0442436
23995.8	0.0436288
24023.6	0.0432414
24051.4	0.0444929
24079.1	0.0453226
24106.8	0.0412512
24134.5	0.0414779
24162.1	0.0411304
24189.7	0.043201
24217.3	0.0426491
24244.9	0.0416503
24272.4	0.0409061
24300.0	0.0435847
24327.5	0.0439109
24355.0	0.039738
24382.5	0.0394804
24409.9	0.042274
24437.4	0.0444186
24464.8	0.0392161
24492.3	0.0415709
24519.7	0.0353786
24547.2	0.0355213
24574.6	0.036796
24602.0	0.0381617
24629.5	0.0396472
24656.9	0.036491
24684.4	0.0389265
24711.8	0.0373652
24739.3	0.0311182
24766.8	0.0257395
24794.4	0.0279672
24821.9	0.0359267
24849.5	0.0349815
24877.1	0.0338631
24904.7	0.0394277
24932.4	0.0321245
24960.1	0.027847
24987.9	0.0338966
25015.7	0.0274135
25043.5	0.0327602
25071.4	0.036636
25099.4	0.0354801
25127.4	0.0267538
25155.5	0.0276746
25183.6	0.0268031
25211.8	0.0356334
25240.1	0.0331113
25268.5	0.014758
25297.0	0.0520767
25325.6	0.0334241
25354.2	0.00612845
25383.0	0.00929943
25411.8	0.0214276
25440.8	0.0621662
25469.9	0.0173465
25499.1	0.0474314
25528.5	0.0269202
25557.9	0.0351952
25587.5	0.128088
25617.3	0.00938358
25647.2	0.0871594
25677.2	0.0324681
25707.4	0.191279
33682.0	0.025760847227717466
46179.0	0.011826788679714114
53650.0	0.0
