# Wavelength_(Angstrom)	Flux_(cgs)
6532.51	0.0231097
6554.55	-0.0230553
6576.49	-0.0125261
6598.35	-0.00516511
6620.12	0.0195508
6641.83	0.0109027
6663.48	-0.0237842
6685.07	0.0104848
6706.62	0.0353457
6728.14	0.0286318
6749.64	0.0526311
6771.12	0.0131513
6792.59	0.00404108
6814.06	-0.0307258
6835.53	-0.0224853
6857.02	-0.00565642
6878.53	-0.0466345
6900.07	0.0160771
6921.64	-0.00717274
6943.25	-0.00636437
6964.92	0.00599622
6986.63	0.00941178
7008.41	0.0111709
7030.25	0.0128003
7052.17	-0.00572055
7074.16	9.23647e-05
7096.24	0.00803388
7118.41	0.00725885
7140.67	-0.00240345
7163.03	0.021289
7185.5	-0.00758924
7208.07	0.0105959
7230.76	0.000788224
7253.56	-0.0106742
7276.49	0.00400545
7299.54	0.00957833
7322.72	0.00625264
7346.04	0.0016907
7369.49	0.000428213
7393.09	0.0060715
7416.83	0.00355112
7440.71	-0.00333791
7464.75	0.00113301
7488.95	-0.00508398
7513.3	0.0159803
7537.81	0.00392496
7562.48	0.00299752
7587.32	0.00392027
7612.33	0.000285026
7637.51	0.00912582
7662.86	0.00689855
7688.38	-0.00455308
7714.08	0.00696242
7739.96	-0.00928804
7766.02	-0.00181727
7792.27	0.00228126
7818.69	0.00456104
7845.3	0.00301935
7872.1	0.00706462
7899.09	0.0010257
7926.26	0.012965
7953.62	0.00348268
7981.18	0.00750873
8008.93	0.00881364
8036.87	0.0193024
8065.01	0.00952498
8093.34	0.0101988
8121.86	0.0192066
8150.58	0.00938587
8179.5	0.0111138
8208.61	0.0161698
8237.92	0.0124871
8267.43	0.0172853
8297.13	0.012527
8327.03	0.0148623
8357.13	0.010632
8387.43	0.016773
8417.92	0.0230814
8448.61	0.0195869
8479.49	0.0200594
8510.57	0.02335
8541.85	0.0228888
8573.32	0.0204475
8604.99	0.0197546
8636.85	0.0200428
8668.91	0.0161189
8701.15	0.0178083
8733.59	0.0186638
8766.22	0.0192421
8799.05	0.0230567
8832.06	0.0250773
8865.26	0.0257788
8898.64	0.0262375
8932.22	0.0264035
8965.98	0.0269807
8999.92	0.0254223
9034.04	0.0317306
9068.35	0.0301514
9102.84	0.0360408
9137.51	0.035508
9172.35	0.0380098
9207.38	0.0380188
9242.57	0.0415564
9277.94	0.0432641
9313.49	0.0380407
9349.2	0.0410746
9385.09	0.0426563
9421.14	0.04073
9457.35	0.0443287
9493.73	0.0483605
9530.28	0.0476373
9566.98	0.0479651
9603.85	0.0468041
9640.87	0.0486772
9678.05	0.0508266
9715.38	0.0508127
9752.86	0.056432
9790.5	0.0545479
9828.28	0.0583709
9866.21	0.0541077
9904.28	0.0478936
9942.5	0.0487247
9980.85	0.046354
10019.4	0.0473653
10058.0	0.0491242
10096.8	0.0518775
10135.7	0.0519382
10174.7	0.0516836
10213.8	0.0531781
10253.1	0.056873
10292.5	0.0550372
10332.1	0.0626537
10371.7	0.0623625
10411.5	0.0661006
10451.4	0.0646934
10491.4	0.0658659
10531.5	0.0699607
10571.8	0.0725904
10612.1	0.0715028
10652.5	0.0694835
10693.1	0.0714999
10733.7	0.0712513
10774.5	0.0771275
10815.3	0.0768636
10856.3	0.0761008
10897.3	0.0804929
10938.5	0.0744405
10979.7	0.0755564
11021.0	0.0740276
11062.4	0.0725304
11103.9	0.0714937
11145.4	0.0676628
11187.1	0.0692743
11228.8	0.0726234
11270.6	0.0720304
11312.4	0.069378
11354.3	0.0686695
11396.3	0.066953
11438.4	0.068366
11480.5	0.0737629
11522.7	0.0733444
11565.0	0.0738412
11607.3	0.0740996
11649.7	0.0727836
11692.1	0.0699913
11734.6	0.0660038
11777.1	0.0709754
11819.7	0.0731793
11862.3	0.0772781
11904.9	0.0793956
11947.7	0.0770013
11990.4	0.0787194
12033.2	0.080497
12076.0	0.0802448
12118.9	0.084088
12161.8	0.0873402
12204.7	0.0889884
12247.6	0.0928414
12290.6	0.0896982
12333.6	0.0911069
12376.7	0.0859198
12419.7	0.0879383
12462.8	0.0865217
12505.9	0.0897556
12549.0	0.0937449
12592.1	0.0959425
12635.2	0.0981085
12678.4	0.100821
12721.5	0.099418
12764.7	0.105626
12807.9	0.103705
12851.0	0.0999863
12894.2	0.0990564
12937.4	0.0972527
12980.6	0.0967898
13023.8	0.0976618
13066.9	0.0993333
13110.1	0.100008
13153.3	0.101089
13196.4	0.0994917
13239.6	0.0933984
13282.7	0.0851513
13325.8	0.0711125
13369.0	0.0554269
13412.1	0.0475175
13455.1	0.0435681
13498.2	0.0411812
13541.3	0.0419491
13584.3	0.0365735
13627.3	0.043676
13670.3	0.0457653
13713.2	0.0437813
13756.2	0.0446897
13799.1	0.0421432
13842.0	0.0433354
13884.8	0.0442287
13927.6	0.0433989
13970.4	0.043265
14013.2	0.0397144
14055.9	0.0427208
14098.6	0.0383074
14141.2	0.0369655
14183.9	0.0367384
14226.4	0.0353731
14269.0	0.035345
14311.5	0.0344254
14354.0	0.0369102
14396.4	0.0382606
14438.8	0.041708
14481.1	0.0401492
14523.4	0.041463
14565.6	0.0449634
14607.8	0.0470259
14650.0	0.0507619
14692.1	0.045627
14734.1	0.0485319
14776.2	0.0475758
14818.1	0.0504262
14860.0	0.0536404
14901.9	0.0528493
14943.7	0.0540684
14985.4	0.0548252
15027.1	0.0533654
15068.8	0.0606316
15110.4	0.0611053
15151.9	0.062961
15193.4	0.0632355
15234.8	0.0640023
15276.2	0.0656967
15317.5	0.067156
15358.8	0.0701231
15400.0	0.0735526
15441.1	0.0727902
15482.2	0.074914
15523.2	0.0785596
15564.1	0.077587
15605.0	0.081663
15645.9	0.0831098
15686.7	0.0814298
15727.4	0.0823224
15768.0	0.0847161
15808.6	0.0844409
15849.1	0.0803561
15889.6	0.0807928
15930.0	0.0845941
15970.3	0.0861822
16010.6	0.0856093
16050.8	0.0858083
16091.0	0.0845145
16131.1	0.0833278
16171.1	0.0837964
16211.0	0.0854088
16250.9	0.0824912
16290.7	0.0841125
16330.5	0.0856732
16370.2	0.0827685
16409.8	0.0837566
16449.4	0.0862927
16488.9	0.0859369
16528.3	0.0832461
16567.7	0.0854786
16607.0	0.0842659
16646.2	0.0818299
16685.4	0.0867413
16724.5	0.0855395
16763.5	0.0829773
16802.5	0.0840793
16841.4	0.0837309
16880.2	0.08594
16919.0	0.0857132
16957.7	0.0821245
16996.4	0.0834302
17034.9	0.0822077
17073.5	0.0797274
17111.9	0.0801198
17150.3	0.0765252
17188.6	0.0753295
17226.9	0.0731786
17265.0	0.0727745
17303.2	0.0700948
17341.2	0.068419
17379.2	0.0657905
17417.2	0.0642345
17455.0	0.0613758
17492.8	0.0618162
17530.6	0.0582441
17568.2	0.0569069
17605.9	0.0528097
17643.4	0.0557527
17680.9	0.0514033
17718.3	0.049062
17755.7	0.0471312
17793.0	0.0441606
17830.2	0.0450296
17867.4	0.0411697
17904.5	0.0432705
17941.6	0.0426265
17978.6	0.0394894
18015.5	0.04068
18052.4	0.0395565
18089.2	0.0370264
18126.0	0.0411259
18162.7	0.0400853
18199.3	0.0442259
18235.9	0.0419216
18272.4	0.0439088
18308.8	0.0448621
18345.2	0.0346931
18381.6	0.0381437
18417.9	0.0379577
18454.1	0.0360886
18490.3	0.0393366
18526.4	0.0306343
18562.4	0.0343952
18598.4	0.028476
18634.4	0.0314992
18670.3	0.0299898
18706.1	0.0308103
18741.9	0.037767
18777.6	0.0352646
18813.3	0.0331984
18848.9	0.0379209
18884.5	0.0368501
18920.0	0.0399972
18955.4	0.0399964
18990.8	0.0382031
19026.2	0.0360452
19061.5	0.0380943
19096.7	0.0443736
19131.9	0.0395792
19167.0	0.0443751
19202.1	0.0429119
19237.2	0.0432182
19272.2	0.040461
19307.1	0.0399791
19342.0	0.0379096
19376.8	0.033135
19411.6	0.0341662
19446.3	0.0320198
19481.0	0.0330763
19515.6	0.0322873
19550.2	0.0305432
19584.8	0.0345497
19619.2	0.0329011
19653.7	0.0350394
19688.1	0.0352105
19722.4	0.0331471
19756.7	0.0350092
19791.0	0.0350794
19825.2	0.0345963
19859.3	0.0336411
19893.4	0.0358424
19927.5	0.034993
19961.5	0.0369068
19995.4	0.0395814
20029.4	0.0349126
20063.2	0.034748
20097.0	0.0412759
20130.8	0.0360318
20164.6	0.0399874
20198.2	0.0426314
20231.9	0.0398834
20265.5	0.0414936
20299.0	0.0411559
20332.5	0.0433582
20366.0	0.0442008
20399.4	0.0443623
20432.7	0.0466077
20466.1	0.0448037
20499.3	0.0471627
20532.6	0.0463697
20565.8	0.0469701
20598.9	0.0481696
20632.0	0.0477933
20665.0	0.0485536
20698.0	0.0478302
20731.0	0.0483829
20763.9	0.0494819
20796.8	0.0510109
20829.6	0.0499997
20862.4	0.0511816
20895.1	0.0519235
20927.8	0.0507987
20960.4	0.0511233
20993.0	0.0512895
21025.6	0.0508053
21058.1	0.0532005
21090.5	0.0522298
21122.9	0.0546943
21155.3	0.0526907
21187.6	0.0530004
21219.9	0.0521921
21252.1	0.0523198
21284.3	0.0525769
21316.5	0.0530379
21348.6	0.0524181
21380.6	0.0522838
21412.6	0.0525232
21444.6	0.0515655
21476.5	0.0521331
21508.3	0.0506578
21540.1	0.0514067
21571.9	0.0494202
21603.6	0.0518239
21635.3	0.0495187
21666.9	0.0512929
21698.5	0.0498439
21730.0	0.0495043
21761.5	0.0497478
21792.9	0.0488626
21824.3	0.0518816
21855.7	0.0503196
21887.0	0.0490169
21918.2	0.0504652
21949.4	0.0477819
21980.5	0.0488315
22011.6	0.0503445
22042.7	0.0493555
22073.7	0.0492923
22104.6	0.0476814
22135.5	0.0487738
22166.3	0.0492138
22197.1	0.0476163
22227.9	0.046069
22258.6	0.0464283
22289.2	0.0447116
22319.8	0.042718
22350.4	0.0455144
22380.9	0.0458653
22411.3	0.0453124
22441.7	0.0440376
22472.0	0.0451981
22502.3	0.0440235
22532.5	0.0444145
22562.7	0.0446599
22592.9	0.0443762
22622.9	0.0437864
22653.0	0.04442
22682.9	0.0438782
22712.9	0.0429792
22742.7	0.0413019
22772.6	0.0443574
22802.3	0.0427936
22832.1	0.0422634
22861.7	0.0423283
22891.3	0.0420538
22920.9	0.0405672
22950.4	0.0374427
22979.9	0.0359882
23009.3	0.031442
23038.6	0.0336071
23067.9	0.0342913
23097.2	0.0343571
23126.4	0.0332504
23155.5	0.0344203
23184.6	0.0336926
23213.7	0.0333615
23242.7	0.0318195
23271.6	0.0312268
23300.5	0.0336145
23329.4	0.0320577
23358.2	0.0320253
23386.9	0.0326223
23415.6	0.0330065
23444.3	0.0322167
23472.9	0.0336786
23501.4	0.0320168
23529.9	0.0330465
23558.4	0.0339538
23586.8	0.034837
23615.2	0.0330582
23643.5	0.0318872
23671.8	0.0311659
23700.0	0.0314401
23728.2	0.0302991
23756.4	0.0303133
23784.5	0.0338605
23812.6	0.0317827
23840.6	0.0315245
23868.6	0.0303353
23896.5	0.0317037
23924.5	0.0320587
23952.3	0.0321428
23980.2	0.0340414
24008.0	0.0330837
24035.8	0.0318176
24063.5	0.0305577
24091.2	0.0309599
24118.9	0.0305821
24146.6	0.0304838
24174.2	0.0325502
24201.8	0.0284051
24229.4	0.0300984
24257.0	0.0305913
24284.5	0.0279907
24312.0	0.030128
24339.5	0.0285247
24367.0	0.0304006
24394.5	0.0314032
24422.0	0.0306981
24449.4	0.0271203
24476.9	0.0266665
24504.3	0.0255596
24531.8	0.0235271
24559.2	0.0248534
24586.6	0.02328
24614.1	0.0276721
24641.5	0.0225279
24669.0	0.0236984
24696.4	0.0228582
24723.9	0.0193085
24751.4	0.0225423
24778.9	0.0233011
24806.4	0.0272901
24834.0	0.0291009
24861.6	0.0198652
24889.2	0.016178
24916.9	0.0214548
24944.5	0.0122584
24972.3	0.0240975
25000.0	0.0201851
25027.9	0.0196937
25055.7	0.0255915
25083.7	0.0200016
25111.6	0.023028
25139.7	0.0254632
25167.8	0.02175
25196.0	0.0256281
25224.2	0.0244184
25252.6	0.0127168
25281.0	0.0148339
25309.5	0.0191125
25338.1	0.0344801
25366.8	-0.00902155
25395.6	0.0143209
25424.5	-0.0006119
25453.6	-0.00685175
25482.7	0.0556054
25512.0	0.0915747
25541.4	-0.015358
25570.9	0.00185949
25600.6	0.0354627
25630.4	0.0366569
33682.0	0.018344787875857676
46179.0	0.007896222713610391
53650.0	0.0
