# Wavelength_(Angstrom)	Flux_(cgs)
6497.47	0.00189031
6519.69	-0.00103238
6541.79	0.0226041
6563.78	0.00274734
6585.69	-0.00854449
6607.51	0.00245897
6629.25	-0.0212467
6650.93	0.00129006
6672.56	0.00560478
6694.13	-0.00684327
6715.67	0.0235266
6737.18	-0.00206972
6758.67	0.00119545
6780.14	-0.00473888
6801.61	-0.000205438
6823.08	-0.00796271
6844.56	-0.00690774
6866.06	0.0106611
6887.58	0.00450308
6909.13	-0.00981324
6930.72	0.0046759
6952.35	0.0155278
6974.04	-0.00247538
6995.78	0.00476631
7017.58	0.00684378
7039.46	0.00826521
7061.4	0.00697304
7083.43	0.00395614
7105.55	0.0143745
7127.75	0.00626943
7150.06	-0.00650169
7172.46	-0.00036714
7194.97	-0.00479429
7217.59	-0.00110727
7240.33	-0.00441976
7263.18	0.00656207
7286.16	0.00306065
7309.27	0.00956426
7332.5	0.00302684
7355.88	-0.000771369
7379.39	-0.00308714
7403.05	-0.000851791
7426.85	-0.000186331
7450.8	0.00170547
7474.9	0.00301388
7499.16	-0.000803278
7523.58	0.000585915
7548.16	0.00289512
7572.9	-0.000456773
7597.81	0.000442497
7622.89	-0.00964806
7648.14	-0.0018998
7673.57	-0.0002276
7699.16	-0.00107518
7724.94	-0.000621709
7750.9	0.000744579
7777.03	-0.000733377
7803.35	0.00139343
7829.85	0.00271523
7856.54	0.000449306
7883.42	0.00471196
7910.48	0.00384562
7937.74	0.00436315
7965.18	0.00198399
7992.82	0.00349732
8020.65	0.00420662
8048.67	0.0042208
8076.89	0.00512453
8105.3	0.00702181
8133.91	0.00738455
8162.71	0.00707974
8191.71	0.00663126
8220.91	0.00906018
8250.3	0.0104483
8279.89	0.0105633
8309.68	0.0104282
8339.66	0.00636986
8369.84	0.0134183
8400.22	0.011559
8430.8	0.0145789
8461.57	0.0140635
8492.53	0.0152382
8523.7	0.0146904
8555.06	0.0157453
8586.61	0.0183255
8618.36	0.0143892
8650.3	0.0177902
8682.44	0.0162825
8714.77	0.0169849
8747.29	0.018411
8780.0	0.0234007
8812.9	0.0215683
8845.99	0.0214593
8879.27	0.0217645
8912.73	0.0237953
8946.38	0.0239212
8980.22	0.025284
9014.24	0.0267429
9048.44	0.0259462
9082.83	0.0288226
9117.39	0.0323845
9152.13	0.0344883
9187.05	0.034354
9222.15	0.0335108
9257.42	0.0302387
9292.86	0.0324481
9328.48	0.0301348
9364.27	0.0315703
9400.22	0.034534
9436.34	0.0375807
9472.63	0.0381099
9509.08	0.0420802
9545.69	0.0383887
9582.46	0.0388508
9619.39	0.0442368
9656.48	0.047565
9693.72	0.0467505
9731.12	0.0481805
9768.66	0.0490291
9806.36	0.0514136
9844.2	0.0492543
9882.19	0.0487956
9920.33	0.0478533
9958.6	0.0477361
9997.02	0.0479722
10035.6	0.0507426
10074.3	0.0506741
10113.1	0.0539617
10152.0	0.054766
10191.1	0.055463
10230.3	0.0554347
10269.7	0.0587159
10309.2	0.0617605
10348.7	0.0606908
10388.4	0.0629748
10428.3	0.0638305
10468.2	0.0654105
10508.3	0.0661766
10548.4	0.0667839
10588.7	0.0672044
10629.1	0.0683989
10669.6	0.0694343
10710.2	0.0700899
10750.9	0.072345
10791.7	0.0721218
10832.5	0.0736591
10873.5	0.0734727
10914.6	0.0701728
10955.8	0.0697294
10997.0	0.0678904
11038.4	0.0656783
11079.8	0.061551
11121.3	0.0567631
11162.9	0.0583492
11204.6	0.0622104
11246.3	0.0618761
11288.1	0.0617643
11330.0	0.0621794
11372.0	0.062102
11414.0	0.0621841
11456.1	0.0651944
11498.3	0.0681266
11540.5	0.0697096
11582.8	0.0695958
11625.1	0.0693927
11667.5	0.0669638
11709.9	0.0650901
11752.4	0.0682449
11795.0	0.0715452
11837.6	0.0740231
11880.2	0.078736
11922.9	0.0791582
11965.6	0.0797716
12008.4	0.0796302
12051.2	0.0830787
12094.0	0.0867846
12136.9	0.0870824
12179.8	0.0878124
12222.7	0.0905132
12265.7	0.0918072
12308.7	0.0912013
12351.7	0.0892962
12394.7	0.0896231
12437.8	0.0894578
12480.9	0.0925362
12524.0	0.0932433
12567.1	0.0946379
12610.2	0.0974263
12653.4	0.0999287
12696.5	0.102222
12739.7	0.0997348
12782.8	0.10208
12826.0	0.100673
12869.2	0.10151
12912.4	0.101078
12955.6	0.100438
12998.7	0.0972811
13041.9	0.0974641
13085.1	0.0975905
13128.3	0.0967849
13171.4	0.0948294
13214.6	0.0915492
13257.7	0.0819701
13300.9	0.0667791
13344.0	0.0528896
13387.1	0.0451116
13430.2	0.0407153
13473.3	0.0383788
13516.3	0.035297
13559.3	0.0409982
13602.4	0.0321943
13645.4	0.0622121
13688.3	0.0173857
13731.3	0.0542572
13774.2	0.0446212
13817.1	0.0450308
13860.0	0.0315175
13902.8	0.0427301
13945.6	0.0279285
13988.4	0.041403
14031.1	0.0327848
14073.8	0.0370909
14116.5	0.0414129
14159.2	0.0391824
14201.8	0.037549
14244.3	0.0361967
14286.9	0.0387905
14329.3	0.0371329
14371.8	0.0384528
14414.2	0.0424595
14456.6	0.0456
14498.9	0.0469202
14541.1	0.0486031
14583.4	0.0483979
14625.6	0.0475037
14667.7	0.0490597
14709.8	0.050822
14751.8	0.053577
14793.8	0.05335
14835.7	0.0566575
14877.6	0.0579886
14919.5	0.0604086
14961.2	0.0605712
15003.0	0.0629073
15044.7	0.0663657
15086.3	0.0676182
15127.9	0.068676
15169.4	0.0729322
15210.8	0.0721058
15252.2	0.0737832
15293.6	0.0765794
15334.9	0.0793
15376.1	0.0793521
15417.3	0.0838455
15458.4	0.0855679
15499.4	0.086347
15540.4	0.0872944
15581.3	0.0878458
15622.2	0.0886225
15663.0	0.0902382
15703.8	0.0917435
15744.5	0.091129
15785.1	0.0929779
15825.7	0.0921443
15866.2	0.0923402
15906.6	0.0950969
15947.0	0.0951426
15987.3	0.0961251
16027.5	0.0960675
16067.7	0.0951402
16107.8	0.0946985
16147.9	0.0959452
16187.9	0.0958998
16227.8	0.0965671
16267.7	0.0947166
16307.5	0.0951184
16347.2	0.0945142
16386.9	0.0958917
16426.5	0.0952697
16466.0	0.0960058
16505.5	0.0967961
16544.9	0.0956286
16584.2	0.0956633
16623.5	0.093107
16662.7	0.0940882
16701.8	0.0947599
16740.9	0.0950533
16779.9	0.0936833
16818.8	0.0947909
16857.7	0.0945677
16896.5	0.0933265
16935.3	0.0926797
16974.0	0.0905667
17012.6	0.0903241
17051.1	0.0901022
17089.6	0.0877142
17128.0	0.0875128
17166.4	0.0837627
17204.7	0.0829693
17242.9	0.0805936
17281.1	0.079817
17319.2	0.078631
17357.2	0.0760576
17395.2	0.0735732
17433.1	0.0723184
17470.9	0.0701717
17508.7	0.0650032
17546.4	0.0646355
17584.1	0.0599901
17621.7	0.0596698
17659.2	0.0575118
17696.6	0.0523586
17734.0	0.0528388
17771.4	0.0516102
17808.7	0.049514
17845.9	0.0506956
17883.0	0.0473551
17920.1	0.0461544
17957.1	0.0468575
17994.1	0.0463306
18031.0	0.0460382
18067.9	0.0437198
18104.7	0.0469304
18141.4	0.0417306
18178.1	0.0490924
18214.7	0.0437171
18251.2	0.0447575
18287.7	0.0506284
18324.1	-0.00242472
18360.5	0.0303372
18396.8	0.0308029
18433.1	0.0392093
18469.3	0.0259795
18505.5	0.0509385
18541.5	-0.0192861
18577.6	0.0531639
18613.6	0.0323935
18649.5	0.0163334
18685.3	-0.0351014
18721.2	0.0106009
18756.9	0.0328186
18792.6	0.0127358
18828.3	0.0335174
18863.9	0.0353839
18899.4	0.0286944
18934.9	0.0323606
18970.3	0.0253319
19005.7	0.0036197
19041.0	0.0077613
19076.3	0.0282247
19111.5	0.0512061
19146.7	0.0434097
19181.8	0.0437927
19216.9	0.0398909
19251.9	0.0419555
19286.8	0.0426292
19321.8	0.036257
19356.6	0.0397522
19391.4	0.0407296
19426.2	0.0386399
19460.9	0.0406489
19495.6	0.0375739
19530.2	0.0374638
19564.7	0.0353011
19599.3	0.0377712
19633.7	0.0401994
19668.1	0.0400559
19702.5	0.0413478
19736.8	0.041844
19771.1	0.0420829
19805.3	0.0430542
19839.5	0.0421456
19873.6	0.0428831
19907.7	0.0417302
19941.8	0.04239
19975.8	0.0405766
20009.7	0.0387043
20043.6	0.0379324
20077.4	0.0407235
20111.3	0.0412718
20145.0	0.0441247
20178.7	0.0497284
20212.4	0.0510193
20246.0	0.0502897
20279.6	0.0510922
20313.1	0.0515741
20346.6	0.0548308
20380.0	0.0524135
20413.4	0.0541778
20446.8	0.0541332
20480.1	0.0540136
20513.3	0.0542743
20546.5	0.0556371
20579.7	0.0563337
20612.8	0.0570211
20645.9	0.0564918
20678.9	0.0581375
20711.9	0.058678
20744.8	0.0592339
20777.7	0.0594424
20810.6	0.0599029
20843.4	0.0597038
20876.1	0.0614013
20908.8	0.0623467
20941.5	0.0621951
20974.1	0.0615765
21006.7	0.0620025
21039.2	0.0620795
21071.7	0.0613185
21104.2	0.0628947
21136.6	0.0626176
21168.9	0.0620465
21201.2	0.0615002
21233.5	0.0624885
21265.7	0.0619834
21297.8	0.061995
21330.0	0.0627281
21362.0	0.0621974
21394.1	0.061537
21426.0	0.0617101
21458.0	0.0607688
21489.9	0.0607801
21521.7	0.0594585
21553.5	0.0590761
21585.2	0.057917
21616.9	0.0590164
21648.6	0.0587622
21680.2	0.058174
21711.8	0.0584463
21743.3	0.0587087
21774.7	0.0582163
21806.1	0.0576614
21837.5	0.0577633
21868.8	0.0575313
21900.1	0.0575926
21931.3	0.0566373
21962.5	0.0541737
21993.6	0.0544317
22024.7	0.0531067
22055.7	0.0531002
22086.7	0.0544995
22117.6	0.0536847
22148.5	0.053044
22179.3	0.053488
22210.1	0.0523419
22240.8	0.0514937
22271.5	0.0526067
22302.1	0.0523358
22332.7	0.05265
22363.2	0.0520223
22393.7	0.0512166
22424.1	0.05044
22454.4	0.0499717
22484.8	0.0497717
22515.0	0.0497993
22545.2	0.049679
22575.4	0.0492969
22605.5	0.0480932
22635.6	0.0490243
22665.6	0.0460137
22695.5	0.0472808
22725.4	0.0480281
22755.3	0.0490669
22785.1	0.0483669
22814.8	0.0467699
22844.5	0.0470282
22874.2	0.0461725
22903.8	0.0435272
22933.3	0.0409897
22962.8	0.038842
22992.2	0.0378339
23021.6	0.0371349
23051.0	0.03746
23080.2	0.0384562
23109.5	0.0391204
23138.6	0.0380135
23167.8	0.0361756
23196.9	0.0361507
23225.9	0.0365078
23254.9	0.0354251
23283.8	0.0362539
23312.7	0.0366871
23341.5	0.0355574
23370.3	0.0350012
23399.0	0.0353907
23427.7	0.0363098
23456.3	0.0375367
23484.9	0.03697
23513.4	0.0357019
23541.9	0.0352639
23570.4	0.0376904
23598.7	0.0372889
23627.1	0.037521
23655.4	0.035404
23683.7	0.0364601
23711.9	0.0358068
23740.1	0.0348117
23768.2	0.0366581
23796.3	0.0357745
23824.4	0.0354643
23852.4	0.0340269
23880.3	0.0363334
23908.3	0.0348311
23936.2	0.0349477
23964.0	0.0351051
23991.9	0.0370729
24019.7	0.0367416
24047.4	0.0343847
24075.2	0.0374328
24102.9	0.0347449
24130.6	0.0346556
24158.2	0.0329179
24185.8	0.0371032
24213.4	0.0352384
24241.0	0.0328068
24268.6	0.0342143
24296.1	0.0331386
24323.6	0.0318179
24351.1	0.03365
24378.6	0.0318199
24406.1	0.0355393
24433.5	0.0329919
24461.0	0.027428
24488.4	0.0264302
24515.8	0.0267241
24543.3	0.0320534
24570.7	0.0307114
24598.2	0.0309094
24625.6	0.0294047
24653.1	0.0290967
24680.5	0.0286552
24708.0	0.0242423
24735.5	0.0244055
24763.0	0.0250265
24790.5	0.0251364
24818.0	0.0183937
24845.6	0.0206116
24873.2	0.0294958
24900.8	0.0174263
24928.5	0.0132497
24956.2	0.0209424
24983.9	0.018426
25011.7	0.0313717
25039.6	0.0161113
25067.5	0.0256878
25095.4	0.0368377
25123.4	0.0348666
25151.5	0.0316011
25179.6	0.0210495
25207.9	0.0188104
25236.1	-0.00286861
25264.5	0.0447773
25293.0	-0.0647916
25321.5	-0.127933
25350.2	0.96973
25378.9	-0.113401
25407.8	-0.0666442
25436.7	-0.119816
25465.8	-0.118999
25495.0	-0.0712749
25524.3	0.12366
25553.8	0.0611986
25583.3	0.187405
33682.0	0.021407339666438537
46179.0	0.009828096110030856
53650.0	0.0
