# Wavelength_(Angstrom)	Flux_(cgs)
6582.83	-0.00670128
6604.66	0.00073351
6626.42	-0.00027366
6648.11	0.00752196
6669.74	-0.00261944
6691.32	0.000110484
6712.86	0.00499467
6734.38	0.000379221
6755.87	-0.00281279
6777.34	-0.00291719
6798.81	-0.0018058
6820.28	0.000346611
6841.76	-0.00191002
6863.25	-0.00375289
6884.77	-0.0026854
6906.31	-0.00115648
6927.9	0.00519433
6949.52	0.00349453
6971.2	0.00590484
6992.94	-0.00125601
7014.73	-0.000923279
7036.6	0.000560677
7058.54	-0.0013488
7080.55	0.000751471
7102.66	-0.000912429
7124.85	0.00163581
7147.14	0.00654505
7169.53	-0.00355708
7192.03	-0.00102599
7214.63	1.02824e-05
7237.35	0.00051493
7260.19	-0.00278021
7283.15	-0.00107187
7306.24	0.000274966
7329.46	0.00304537
7352.82	-0.000221623
7376.31	0.000643468
7399.95	-0.00215219
7423.73	-0.00308271
7447.67	0.000244059
7471.75	-0.00104391
7495.99	-0.0016906
7520.39	0.000332954
7544.94	0.00128963
7569.66	0.00349719
7594.55	-0.00467424
7619.61	0.000913399
7644.84	-0.0010966
7670.24	0.00038384
7695.81	0.00401939
7721.56	0.00161526
7747.5	0.00198551
7773.61	0.000213984
7799.9	-0.000825331
7826.38	0.000707895
7853.05	0.00226728
7879.9	-0.000277734
7906.94	0.00220072
7934.17	-0.000552251
7961.59	-0.001899
7989.2	0.00152532
8017.01	-0.00113277
8045.0	1.83237e-05
8073.2	-0.000164762
8101.58	0.00116719
8130.16	2.11786e-05
8158.94	0.003513
8187.91	0.00245398
8217.08	0.000458007
8246.45	0.000860308
8276.02	0.000822185
8305.78	0.000669896
8335.73	0.0020451
8365.89	0.00323562
8396.24	0.00250407
8426.79	0.00338099
8457.54	0.00328503
8488.48	0.00210657
8519.62	0.00306223
8550.95	0.00394779
8582.48	0.00436116
8614.2	0.00558695
8646.12	0.00528199
8678.23	0.00507376
8710.54	0.00529246
8743.03	0.00568262
8775.72	0.00558453
8808.59	0.00603118
8841.66	0.00681882
8874.91	0.00729393
8908.35	0.00709972
8941.98	0.00752453
8975.79	0.00972095
9009.79	0.0106866
9043.97	0.00940472
9078.33	0.0107379
9112.87	0.0123329
9147.59	0.0140696
9182.48	0.0127808
9217.56	0.0127059
9252.81	0.0116902
9288.23	0.010994
9323.82	0.0108069
9359.58	0.0128598
9395.52	0.0134806
9431.61	0.0153563
9467.88	0.0164275
9504.31	0.0164821
9540.9	0.0171239
9577.65	0.0173525
9614.56	0.0192994
9651.63	0.0213047
9688.85	0.0238653
9726.22	0.0253123
9763.75	0.0270749
9801.43	0.0288964
9839.25	0.0286537
9877.23	0.0281793
9915.34	0.027807
9953.6	0.0297574
9992.0	0.0321768
10030.5	0.0333793
10069.2	0.0365948
10108.0	0.0368134
10147.0	0.0401118
10186.0	0.0426219
10225.2	0.0449729
10264.5	0.0477101
10304.0	0.0499565
10343.6	0.0529136
10383.3	0.056452
10423.1	0.0588127
10463.0	0.0610813
10503.0	0.0632043
10543.2	0.0652158
10583.4	0.0664506
10623.8	0.06876
10664.3	0.0703593
10704.9	0.0720617
10745.5	0.0750337
10786.3	0.0749709
10827.2	0.0759117
10868.2	0.071046
10909.2	0.0649602
10950.4	0.0541944
10991.6	0.0467828
11033.0	0.040978
11074.4	0.0331489
11115.9	0.0292874
11157.5	0.0256943
11199.1	0.0269805
11240.9	0.0277985
11282.7	0.0264452
11324.6	0.0264513
11366.5	0.0246036
11408.5	0.0257225
11450.6	0.0261823
11492.8	0.0254154
11535.0	0.0243985
11577.2	0.0249852
11619.6	0.0235499
11662.0	0.0226086
11704.4	0.0242892
11746.9	0.0257718
11789.4	0.0311697
11832.0	0.0359989
11874.6	0.0415033
11917.3	0.0448032
11960.0	0.0494203
12002.8	0.0542745
12045.6	0.0579403
12088.4	0.0626751
12131.3	0.0674346
12174.2	0.071844
12217.1	0.0766526
12260.1	0.0791936
12303.1	0.0822533
12346.1	0.0836475
12389.1	0.0840347
12432.2	0.084383
12475.3	0.0871499
12518.4	0.0922305
12561.5	0.0990374
12604.6	0.102369
12647.7	0.105235
12690.9	0.106047
12734.0	0.106601
12777.2	0.103891
12820.4	0.0999944
12863.6	0.0980711
12906.7	0.0944633
12949.9	0.0920595
12993.1	0.0897529
13036.3	0.0848243
13079.4	0.0825779
13122.6	0.0777572
13165.8	0.0715267
13208.9	0.0618602
13252.1	0.047959
13295.2	0.0292916
13338.3	0.0169578
13381.5	0.00820478
13424.6	0.00437458
13467.6	0.00319797
13510.7	0.00299384
13553.7	0.0023292
13596.8	0.00262782
13639.8	0.00261807
13682.7	0.00275277
13725.7	0.00396427
13768.6	0.0049869
13811.5	0.00467569
13854.4	0.00378576
13897.2	0.00401694
13940.0	0.00359059
13982.8	0.00298331
14025.6	0.003284
14068.3	0.00308703
14111.0	0.0027461
14153.6	0.00354237
14196.2	0.00271984
14238.8	0.00281868
14281.3	0.00338661
14323.8	0.00419317
14366.3	0.00476756
14408.7	0.00444939
14451.0	0.00601849
14493.3	0.00640051
14535.6	0.008412
14577.9	0.00885863
14620.1	0.00956556
14662.2	0.00861672
14704.3	0.00899422
14746.3	0.0105349
14788.3	0.0120321
14830.3	0.012379
14872.2	0.0123449
14914.0	0.0126877
14955.8	0.0151572
14997.5	0.0148151
15039.2	0.0162612
15080.9	0.0185444
15122.4	0.0203818
15163.9	0.0219926
15205.4	0.0240218
15246.8	0.0255816
15288.2	0.0278857
15329.5	0.0297584
15370.7	0.0333118
15411.9	0.0347396
15453.0	0.0369174
15494.1	0.039502
15535.1	0.041817
15576.0	0.042397
15616.9	0.0439639
15657.7	0.0461004
15698.5	0.0465334
15739.2	0.0484267
15779.8	0.0493813
15820.4	0.0494224
15860.9	0.0493545
15901.3	0.048169
15941.7	0.0460192
15982.0	0.0441183
16022.3	0.0394871
16062.5	0.0349026
16102.6	0.029321
16142.7	0.0257184
16182.7	0.0224951
16222.6	0.0198317
16262.5	0.0186334
16302.3	0.0179959
16342.0	0.017966
16381.7	0.0186649
16421.3	0.0195078
16460.8	0.0203756
16500.3	0.0208099
16539.7	0.0218574
16579.1	0.0219564
16618.3	0.0198526
16657.6	0.0151349
16696.7	0.013713
16735.8	0.0126334
16774.8	0.0143072
16813.8	0.0170215
16852.7	0.0185301
16891.5	0.0179618
16930.2	0.0167073
16968.9	0.0166831
17007.5	0.0146598
17046.1	0.014946
17084.6	0.0146804
17123.0	0.0157547
17161.4	0.0158178
17199.7	0.0166656
17237.9	0.0168002
17276.1	0.0151003
17314.2	0.0148655
17352.2	0.0131778
17390.2	0.013547
17428.1	0.0118174
17466.0	0.0111787
17503.8	0.0109826
17541.5	0.0105211
17579.2	0.0103881
17616.8	0.00992628
17654.3	0.00964888
17691.8	0.007862
17729.2	0.00701873
17766.5	0.00738244
17803.8	0.00617995
17841.0	0.00633722
17878.2	0.00636858
17915.3	0.00590104
17952.3	0.0051114
17989.3	0.0044006
18026.2	0.0048294
18063.1	0.00396054
18099.9	0.00534675
18136.6	0.00477177
18173.3	0.0053145
18209.9	0.00572464
18246.5	0.00573545
18283.0	0.00546782
18319.4	0.00410413
18355.8	0.00409581
18392.1	0.0054511
18428.4	0.00499037
18464.6	0.00594975
18500.7	0.00476483
18536.8	0.00503266
18572.9	0.00481429
18608.9	0.00373759
18644.8	0.00293087
18680.7	0.00339971
18716.5	0.00524651
18752.2	0.00518214
18788.0	0.00493682
18823.6	0.00618271
18859.2	0.00633373
18894.8	0.00645985
18930.3	0.0065939
18965.7	0.00718169
19001.1	0.00686887
19036.4	0.00790155
19071.7	0.00735561
19106.9	0.00800324
19142.1	0.00745821
19177.2	0.00839512
19212.3	0.00718733
19247.3	0.00601579
19282.3	0.00538442
19317.2	0.00502355
19352.1	0.0042143
19386.9	0.0045473
19421.7	0.00455737
19456.4	0.00462875
19491.0	0.0047825
19525.7	0.00447945
19560.2	0.00474687
19594.8	0.00514857
19629.2	0.00521871
19663.7	0.00583857
19698.0	0.00541867
19732.4	0.00614095
19766.6	0.00633536
19800.9	0.00629622
19835.1	0.00697877
19869.2	0.00696554
19903.3	0.0073719
19937.3	0.00773486
19971.3	0.00836772
20005.3	0.00830177
20039.2	0.00861485
20073.0	0.00850854
20106.8	0.00928961
20140.6	0.00977013
20174.3	0.0107609
20208.0	0.0112583
20241.6	0.0109253
20275.2	0.0118481
20308.7	0.0114125
20342.2	0.0122381
20375.7	0.0131149
20409.1	0.0124704
20442.4	0.0135805
20475.7	0.0134365
20509.0	0.0140336
20542.2	0.0148368
20575.4	0.0150977
20608.5	0.0150604
20641.6	0.0151963
20674.6	0.0148956
20707.6	0.0152229
20740.5	0.0151557
20773.4	0.0155807
20806.3	0.0153485
20839.1	0.0153489
20871.9	0.0158167
20904.6	0.0153509
20937.2	0.0155674
20969.9	0.0151897
21002.5	0.0151862
21035.0	0.0147607
21067.5	0.0153418
21099.9	0.0147875
21132.3	0.0149312
21164.7	0.0143375
21197.0	0.0144872
21229.3	0.01453
21261.5	0.0141524
21293.6	0.0132689
21325.8	0.0130141
21357.9	0.0131396
21389.9	0.0125848
21421.9	0.0125213
21453.8	0.0127725
21485.7	0.0119944
21517.6	0.011041
21549.4	0.011614
21581.1	0.0111611
21612.8	0.010321
21644.5	0.0103554
21676.1	0.0101485
21707.6	0.00974958
21739.2	0.00965301
21770.6	0.0090577
21802.0	0.00868274
21833.4	0.00813676
21864.7	0.00772801
21896.0	0.0070627
21927.2	0.00686486
21958.4	0.00499121
21989.5	0.0039986
22020.6	0.00337329
22051.6	0.0023149
22082.6	0.00343827
22113.6	0.00321012
22144.4	0.0035568
22175.3	0.00336665
22206.1	0.0033968
22236.8	0.00413314
22267.5	0.0034917
22298.1	0.00340911
22328.7	0.00286622
22359.2	0.00340309
22389.7	0.00262553
22420.1	0.0022906
22450.5	0.00283428
22480.8	0.00266397
22511.1	0.00233776
22541.3	0.00199779
22571.5	0.00230541
22601.6	0.00200622
22631.6	0.00248418
22661.7	0.00235051
22691.6	0.00203634
22721.5	0.00202121
22751.4	0.00150654
22781.2	0.00197389
22811.0	0.00192413
22840.7	0.00195153
22870.3	0.00196842
22899.9	0.00176513
22929.5	0.00183882
22959.0	0.00150521
22988.4	0.00149664
23017.8	0.00209731
23047.1	0.00183712
23076.4	0.00256053
23105.7	0.00264467
23134.8	0.00236527
23164.0	0.00297817
23193.1	0.00156959
23222.1	0.0013391
23251.1	0.00134429
23280.0	0.00110515
23308.9	0.00157948
23337.7	0.00116042
23366.5	0.000898466
23395.2	0.00121613
23423.9	0.000868186
23452.6	0.00123208
23481.2	0.00125796
23509.7	0.0013242
23538.2	0.00149154
23566.6	0.00125981
23595.0	0.00209989
23623.4	0.00171833
23651.7	0.0021371
23680.0	0.00179924
23708.2	0.00188591
23736.4	0.00151718
23764.5	0.00163312
23792.6	0.00156284
23820.7	0.00148978
23848.7	0.001551
23876.7	0.00148209
23904.6	0.00184203
23932.5	0.00137167
23960.4	0.00281664
23988.2	0.00218376
24016.0	0.0021909
24043.8	0.00225064
24071.6	0.00215499
24099.3	0.00243884
24126.9	0.00253552
24154.6	0.00248398
24182.2	0.0026217
24209.8	0.00241537
24237.4	0.00295121
24265.0	0.00259046
24292.5	0.00279817
24320.0	0.00220392
24347.5	0.00344017
24375.0	0.00345663
24402.5	0.00282374
24429.9	0.00232332
24457.4	0.00329356
24484.8	0.00258008
24512.3	0.00295528
24539.7	0.00318609
24567.1	0.00274229
24594.6	0.00383939
24622.0	0.00302778
24649.5	0.00310002
24676.9	0.00270299
24704.4	0.00225786
24731.9	0.00327545
24759.4	0.00260541
24786.9	0.00343933
24814.4	0.00323676
24842.0	0.00297398
24869.6	0.00243796
24897.2	0.0033681
24924.9	0.00337684
24952.6	0.00166232
24980.3	0.00239953
25008.1	0.00268578
25035.9	0.00261015
25063.8	0.00262774
25091.8	0.0024615
25119.8	0.00161015
25147.8	0.00208645
25176.0	0.00351242
25204.2	0.00153108
25232.4	0.00127844
25260.8	0.00339441
25289.3	0.00264615
25317.8	0.00357397
25346.4	0.00349895
25375.2	0.00107825
25404.0	0.00686305
25432.9	0.000104871
25462.0	0.00195619
25491.2	1.23381e-05
25520.5	0.00619791
25549.9	0.00179603
25579.5	0.00346939
25609.2	0.00106134
33682.0	0.0024097149848801964
46179.0	0.004569538841152325
53650.0	0.0
