# Wavelength_(Angstrom)	Flux_(cgs)
6544.29	0.0123858
6566.27	0.00807972
6588.17	0.00893587
6609.98	0.00326893
6631.71	0.005574
6653.39	0.00802066
6675.01	0.00691951
6696.58	0.00497757
6718.11	0.00575873
6739.62	0.00666392
6761.1	0.00603261
6782.58	0.00740321
6804.04	0.00551121
6825.52	0.00804245
6847.0	0.00698111
6868.49	0.00838881
6890.02	0.00774716
6911.57	0.0108319
6933.17	0.00953493
6954.81	0.0119711
6976.5	0.0156985
6998.25	0.0152923
7020.06	0.0163353
7041.94	0.0141991
7063.9	0.013286
7085.94	0.0101161
7108.06	0.00930271
7130.28	0.00896996
7152.59	0.00840426
7175.01	0.00767057
7197.53	0.00792547
7220.16	0.0102039
7242.91	0.0130392
7265.78	0.0157405
7288.77	0.0196197
7311.89	0.0225509
7335.15	0.0267324
7358.54	0.0306503
7382.07	0.031849
7405.74	0.032871
7429.56	0.0339179
7453.53	0.0352524
7477.65	0.0375779
7501.92	0.039045
7526.36	0.0406593
7550.96	0.0395742
7575.72	0.0392808
7600.65	0.034494
7625.75	0.0256366
7651.01	0.0188664
7676.46	0.0165187
7702.08	0.0169011
7727.87	0.0189978
7753.85	0.0209948
7780.01	0.0232112
7806.35	0.023857
7832.87	0.0260098
7859.58	0.0266625
7886.48	0.0287457
7913.56	0.0292437
7940.84	0.0325165
7968.31	0.0337727
7995.97	0.0373051
8023.82	0.0425532
8051.86	0.0482303
8080.1	0.0532278
8108.53	0.0581376
8137.16	0.0596233
8165.99	0.0585205
8195.01	0.0585148
8224.23	0.0590739
8253.64	0.0600029
8283.26	0.0597216
8313.07	0.057785
8343.07	0.0563058
8373.27	0.0558312
8403.68	0.0519553
8434.27	0.0464238
8465.07	0.042833
8496.06	0.0399832
8527.24	0.0420755
8558.62	0.0441971
8590.2	0.046912
8621.97	0.0487639
8653.94	0.0488744
8686.09	0.0499287
8718.44	0.0530645
8750.99	0.0560544
8783.72	0.0609401
8816.64	0.0620701
8849.75	0.0619645
8883.05	0.0610242
8916.54	0.062087
8950.21	0.0655489
8984.07	0.0680392
9018.11	0.0695489
9052.33	0.073103
9086.74	0.0756677
9121.32	0.0804878
9156.08	0.0827527
9191.02	0.0830993
9226.14	0.0797537
9261.43	0.0790513
9296.89	0.0788458
9332.53	0.0793471
9368.33	0.079806
9404.3	0.0806396
9440.44	0.0832115
9476.75	0.0860114
9513.22	0.0859288
9549.85	0.0853527
9586.64	0.0860441
9623.59	0.0869886
9660.69	0.0883291
9697.95	0.0892052
9735.36	0.0897639
9772.93	0.0906257
9810.64	0.0906355
9848.5	0.0885482
9886.51	0.0845857
9924.66	0.0808411
9962.95	0.0797969
10001.4	0.0817354
10040.0	0.0817629
10078.7	0.0840841
10117.5	0.0867985
10156.5	0.0888686
10195.6	0.0876055
10234.8	0.0878132
10274.2	0.0872228
10313.6	0.0887886
10353.2	0.0901501
10393.0	0.0926891
10432.8	0.0939849
10472.7	0.0937751
10512.8	0.0934237
10553.0	0.0932866
10593.3	0.0928722
10633.7	0.0940305
10674.2	0.0951913
10714.8	0.0957927
10755.5	0.097926
10796.3	0.099112
10837.2	0.100278
10878.2	0.10221
10919.3	0.0999832
10960.5	0.0998118
11001.7	0.100121
11043.1	0.100157
11084.5	0.0991209
11126.0	0.099108
11167.6	0.0995702
11209.3	0.0999782
11251.1	0.0996618
11292.9	0.0987262
11334.8	0.0947475
11376.7	0.092065
11418.8	0.0927633
11460.9	0.0957619
11503.0	0.0997619
11545.3	0.100206
11587.6	0.099558
11629.9	0.0979546
11672.3	0.096247
11714.7	0.0949406
11757.3	0.0934089
11799.8	0.0937789
11842.4	0.0938102
11885.0	0.0945374
11927.7	0.0923544
11970.5	0.0911762
12013.2	0.0903285
12056.0	0.091277
12098.9	0.0926091
12141.8	0.0939054
12184.7	0.0943734
12227.6	0.0956809
12270.6	0.0947121
12313.6	0.0946758
12356.6	0.0917824
12399.6	0.0904939
12442.7	0.0887624
12485.8	0.0887913
12528.9	0.0900697
12572.0	0.0915582
12615.1	0.0927237
12658.3	0.0940809
12701.4	0.0939391
12744.6	0.0952653
12787.7	0.0939518
12830.9	0.0927268
12874.1	0.0927894
12917.3	0.0935777
12960.4	0.0932191
13003.6	0.0934779
13046.8	0.0929718
13090.0	0.0924315
13133.1	0.0917759
13176.3	0.0925704
13219.5	0.0921364
13262.6	0.0910549
13305.7	0.0875083
13348.9	0.0832662
13392.0	0.0799525
13435.1	0.0795457
13478.1	0.0785378
13521.2	0.0796455
13564.2	0.0791712
13607.2	0.079593
13650.2	0.0794832
13693.2	0.079365
13736.2	0.0775217
13779.1	0.0775413
13822.0	0.0779708
13864.8	0.0761906
13907.7	0.0759774
13950.5	0.0747109
13993.2	0.0721509
14036.0	0.0719372
14078.7	0.0711477
14121.4	0.0699875
14164.0	0.0689848
14206.6	0.0686327
14249.2	0.0676037
14291.7	0.0673046
14334.2	0.0668383
14376.6	0.0674879
14419.0	0.0671823
14461.4	0.0675598
14503.7	0.0667536
14545.9	0.0668228
14588.2	0.0662212
14630.3	0.0662816
14672.5	0.0655936
14714.5	0.0652226
14756.6	0.064297
14798.6	0.0647179
14840.5	0.0641757
14882.4	0.064942
14924.2	0.0649036
14966.0	0.0651937
15007.7	0.0648957
15049.4	0.065166
15091.0	0.0647594
15132.6	0.0646871
15174.1	0.0647429
15215.5	0.0652016
15256.9	0.0654802
15298.3	0.0662128
15339.5	0.0656241
15380.8	0.0659187
15421.9	0.0657867
15463.0	0.0658079
15504.1	0.0660426
15545.1	0.0660908
15586.0	0.0658013
15626.8	0.0659092
15667.7	0.0657876
15708.4	0.0659734
15749.1	0.065818
15789.7	0.0658862
15830.2	0.0655019
15870.7	0.0648446
15911.2	0.0649299
15951.5	0.0655838
15991.8	0.0654911
16032.1	0.0656461
16072.3	0.0649771
16112.4	0.0645641
16152.4	0.0642702
16192.4	0.0643834
16232.3	0.0639589
16272.2	0.0637966
16312.0	0.063888
16351.7	0.0642509
16391.3	0.0644598
16430.9	0.0647141
16470.5	0.0651419
16509.9	0.0653885
16549.3	0.0649564
16588.7	0.0647585
16627.9	0.064318
16667.1	0.0640492
16706.2	0.0641502
16745.3	0.0636681
16784.3	0.0636939
16823.3	0.0639926
16862.1	0.0640038
16900.9	0.0634044
16939.7	0.0626996
16978.3	0.0626855
17017.0	0.0623969
17055.5	0.0622252
17094.0	0.0612772
17132.4	0.0606364
17170.7	0.0595619
17209.0	0.0590164
17247.2	0.0584117
17285.4	0.0580591
17323.5	0.0576463
17361.5	0.056731
17399.5	0.0559887
17437.4	0.0558329
17475.2	0.0548813
17513.0	0.0539667
17550.7	0.0529052
17588.3	0.0522217
17625.9	0.0516913
17663.4	0.051283
17700.9	0.0502899
17738.3	0.0495694
17775.6	0.0489859
17812.9	0.0486708
17850.1	0.0480506
17887.2	0.0473556
17924.3	0.046933
17961.3	0.0466623
17998.3	0.0464212
18035.2	0.0462495
18072.0	0.0458026
18108.8	0.045874
18145.5	0.0454696
18182.2	0.0457697
18218.8	0.0457071
18255.4	0.0459962
18291.8	0.0472496
18328.3	0.0465513
18364.6	0.0456649
18401.0	0.0450852
18437.2	0.0433787
18473.4	0.0435019
18509.6	0.042706
18545.6	0.0416976
18581.7	0.0410169
18617.6	0.0405619
18653.5	0.0413048
18689.4	0.0411344
18725.2	0.0404318
18761.0	0.0399118
18796.7	0.0394164
18832.3	0.0405137
18867.9	0.0403938
18903.4	0.0411637
18938.9	0.0408906
18974.3	0.0410919
19009.7	0.041412
19045.0	0.0419668
19080.3	0.0414629
19115.5	0.0420113
19150.7	0.0413853
19185.8	0.0407479
19220.8	0.0404413
19255.8	0.0392469
19290.8	0.0384574
19325.7	0.0383455
19360.6	0.0383204
19395.4	0.0374743
19430.1	0.0359822
19464.8	0.0347883
19499.5	0.0340232
19534.1	0.0354253
19568.7	0.0363334
19603.2	0.0370876
19637.6	0.0371064
19672.0	0.0369969
19706.4	0.0358361
19740.7	0.0339893
19775.0	0.0326636
19809.2	0.0323265
19843.4	0.0325067
19877.5	0.0331952
19911.6	0.0332389
19945.6	0.0339181
19979.6	0.034392
20013.5	0.0346787
20047.4	0.0350239
20081.3	0.0345906
20115.1	0.034381
20148.8	0.0340695
20182.5	0.0338873
20216.2	0.0340069
20249.8	0.0338007
20283.4	0.0337183
20316.9	0.0336531
20350.4	0.033793
20383.8	0.0335015
20417.2	0.0334905
20450.5	0.033284
20483.8	0.0333979
20517.1	0.0333922
20550.3	0.0335278
20583.4	0.0335746
20616.6	0.0334643
20649.6	0.0334263
20682.6	0.0331943
20715.6	0.033125
20748.6	0.0331267
20781.4	0.0332158
20814.3	0.0330811
20847.1	0.0329441
20879.8	0.0330871
20912.5	0.0331998
20945.2	0.0333444
20977.8	0.0331346
21010.4	0.0332124
21042.9	0.0332525
21075.4	0.0333487
21107.8	0.0331527
21140.2	0.0332446
21172.6	0.0332127
21204.9	0.0332282
21237.1	0.0332592
21269.3	0.0334242
21301.5	0.0332898
21333.6	0.0332234
21365.7	0.0333452
21397.7	0.0332217
21429.7	0.0333972
21461.6	0.0333611
21493.5	0.0333951
21525.3	0.0331544
21557.1	0.033173
21588.8	0.0328906
21620.5	0.0329527
21652.2	0.0332127
21683.8	0.0332762
21715.3	0.0330119
21746.8	0.0329228
21778.3	0.0328474
21809.7	0.0328443
21841.1	0.0330107
21872.4	0.0329832
21903.6	0.0330052
21934.8	0.0326829
21966.0	0.0331429
21997.1	0.0327421
22028.2	0.0319665
22059.2	0.0308921
22090.2	0.0307133
22121.1	0.0312312
22152.0	0.0321238
22182.8	0.0327593
22213.6	0.0327755
22244.3	0.0329775
22274.9	0.0327603
22305.6	0.0326932
22336.1	0.0324265
22366.6	0.0324812
22397.1	0.0324349
22427.5	0.0323241
22457.9	0.0322522
22488.2	0.0323446
22518.5	0.0324153
22548.7	0.0323248
22578.8	0.0323415
22608.9	0.0316802
22639.0	0.0313126
22669.0	0.0312973
22698.9	0.0314236
22728.8	0.0314837
22758.7	0.0315594
22788.5	0.0315484
22818.2	0.0314221
22847.9	0.031424
22877.5	0.0312278
22907.1	0.0305999
22936.7	0.0293855
22966.1	0.0278573
22995.6	0.027827
23025.0	0.0282365
23054.3	0.0286227
23083.6	0.0285382
23112.8	0.0287003
23142.0	0.0282023
23171.1	0.0281763
23200.1	0.0274758
23229.2	0.0265106
23258.1	0.0258851
23287.1	0.025592
23315.9	0.0259398
23344.7	0.0258009
23373.5	0.0254893
23402.2	0.0255449
23430.9	0.0258508
23459.5	0.0260403
23488.1	0.0261494
23516.7	0.0252582
23545.1	0.0243085
23573.6	0.0241758
23602.0	0.0244114
23630.3	0.0247318
23658.6	0.0247793
23686.9	0.0251723
23715.1	0.024934
23743.3	0.0251088
23771.4	0.0249641
23799.5	0.0244176
23827.5	0.0235184
23855.5	0.023179
23883.5	0.0229925
23911.4	0.0230897
23939.3	0.0231805
23967.2	0.0232646
23995.0	0.0231102
24022.8	0.0228281
24050.6	0.0225462
24078.3	0.0222263
24106.0	0.0220744
24133.7	0.021465
24161.3	0.0213491
24189.0	0.0210238
24216.5	0.0211038
24244.1	0.0210975
24271.7	0.0211246
24299.2	0.0207898
24326.7	0.0205432
24354.2	0.0204883
24381.7	0.0201548
24409.2	0.0200795
24436.6	0.019875
24464.1	0.0196519
24491.5	0.0194219
24519.0	0.0190307
24546.4	0.0191585
24573.8	0.0188725
24601.3	0.018758
24628.7	0.0185826
24656.2	0.0189551
24683.6	0.0185178
24711.1	0.0182359
24738.6	0.0181261
24766.1	0.017819
24793.6	0.0176459
24821.2	0.0174801
24848.7	0.0176519
24876.3	0.0175553
24904.0	0.0171926
24931.6	0.0173058
24959.3	0.0174302
24987.1	0.0171926
25014.9	0.0167194
25042.7	0.0164849
25070.6	0.0165817
25098.6	0.0168344
25126.6	0.0167656
25154.7	0.0161107
25182.8	0.0164402
25211.1	0.0162562
25239.4	0.0163171
25267.7	0.0163578
25296.2	0.0164293
25324.8	0.0166132
25353.4	0.0165656
25382.2	0.0166391
25411.0	0.0166494
25440.0	0.0161734
25469.1	0.0158535
25498.3	0.0165914
25527.6	0.0160412
25557.1	0.0162801
25586.7	0.0158857
25616.5	0.015735
25646.4	0.0172648
33682.0	0.007772549870444513
46179.0	0.0027827245025795334
53650.0	0.0
