# Wavelength_(Angstrom)	Flux_(cgs)
6564.45	0.0124866
6586.35	0.0122091
6608.17	-0.00242576
6629.91	0.0126813
6651.59	0.000594683
6673.21	-0.00591039
6694.79	0.00430203
6716.32	0.00349072
6737.83	0.0160971
6759.32	-0.000796637
6780.79	0.00692512
6802.26	0.00635865
6823.73	0.00653097
6845.21	-0.00328928
6866.71	-0.000280459
6888.23	0.00713835
6909.78	0.00171608
6931.37	-0.00502758
6953.01	0.00563121
6974.69	0.00148361
6996.43	0.00447493
7018.24	0.00376953
7040.12	0.000970879
7062.07	-0.00182924
7084.1	0.00421657
7106.22	0.0097099
7128.43	0.00345653
7150.73	0.004788
7173.14	0.00808517
7195.65	-0.00206032
7218.28	0.00358079
7241.01	-0.00158491
7263.87	-0.00314103
7286.86	0.00528719
7309.97	0.00612882
7333.21	0.0052019
7356.59	0.00370822
7380.1	0.0041598
7403.76	0.00526964
7427.57	0.00116061
7451.53	0.00305217
7475.63	0.00160138
7499.9	0.00304283
7524.32	9.63873e-07
7548.91	0.000256597
7573.65	-0.00226583
7598.57	0.00287916
7623.65	-0.000629843
7648.91	0.000178721
7674.34	-0.00101102
7699.94	-0.0020926
7725.72	-8.99294e-05
7751.68	2.18976e-05
7777.82	0.000584382
7804.15	-0.000104144
7830.66	-4.69341e-05
7857.35	-0.000300532
7884.23	0.000684148
7911.31	-0.000652768
7938.57	0.00254365
7966.02	-0.000165299
7993.66	0.00219307
8021.49	0.000793024
8049.52	0.00146587
8077.75	-0.000608241
8106.16	0.00148383
8134.78	0.00130833
8163.59	0.00184728
8192.59	0.00185575
8221.79	0.00125271
8251.19	0.000111547
8280.79	0.00329011
8310.58	0.0013292
8340.57	0.000825414
8370.76	0.0023613
8401.14	0.00061066
8431.72	0.000974986
8462.5	0.00212968
8493.47	0.000529261
8524.64	0.00193924
8556.01	0.000627209
8587.57	0.0031847
8619.32	0.00281176
8651.27	0.00342291
8683.41	0.00234245
8715.75	0.0024357
8748.27	0.00182233
8780.99	0.00282515
8813.9	0.00458562
8846.99	0.00409802
8880.28	0.00405446
8913.75	0.00377089
8947.4	0.00364524
8981.25	0.00455731
9015.27	0.0045639
9049.48	0.00542745
9083.87	0.00590947
9118.44	0.00572351
9153.19	0.00672019
9188.11	0.00612605
9223.21	0.00612797
9258.49	0.0070467
9293.94	0.00359102
9329.56	0.00559931
9365.35	0.00530144
9401.31	0.00581128
9437.43	0.00788105
9473.72	0.00809807
9510.18	0.00701055
9546.8	0.0073775
9583.57	0.00585296
9620.51	0.00782546
9657.6	0.00816176
9694.85	0.0115745
9732.25	0.0110383
9769.8	0.0127504
9807.5	0.0145046
9845.35	0.0160741
9883.34	0.0169015
9921.48	0.0185906
9959.76	0.0214102
9998.18	0.0233978
10036.7	0.0254046
10075.4	0.0268979
10114.3	0.0291781
10153.2	0.0318118
10192.3	0.0351308
10231.5	0.0358833
10270.9	0.0402683
10310.3	0.0428079
10349.9	0.0463134
10389.6	0.049985
10429.5	0.0504775
10469.4	0.0545136
10509.5	0.0584167
10549.6	0.0597183
10589.9	0.0627398
10630.3	0.0648096
10670.8	0.0670027
10711.4	0.0690304
10752.1	0.0711196
10792.9	0.0723657
10833.8	0.0697159
10874.8	0.0628419
10915.9	0.0499814
10957.0	0.0365646
10998.3	0.0284689
11039.6	0.019994
11081.1	0.0143661
11122.6	0.00937055
11164.2	0.00661069
11205.8	0.00691879
11247.6	0.00664618
11289.4	0.00690341
11331.3	0.0071931
11373.3	0.00545756
11415.3	0.0048088
11457.4	0.00544931
11499.5	0.00359613
11541.8	0.0047401
11584.0	0.00332724
11626.4	0.00384824
11668.8	0.00548902
11711.2	0.00611682
11753.7	0.00717176
11796.3	0.00957728
11838.9	0.0123126
11881.5	0.0143156
11924.2	0.0183855
11966.9	0.0218086
12009.7	0.0272328
12052.5	0.031534
12095.3	0.0365315
12138.2	0.0425831
12181.1	0.0479729
12224.0	0.0532087
12267.0	0.0602843
12310.0	0.0663828
12353.0	0.0737116
12396.0	0.0783471
12439.1	0.0861383
12482.2	0.0927887
12525.3	0.099508
12568.4	0.102767
12611.5	0.11049
12654.7	0.110666
12697.8	0.109798
12741.0	0.108382
12784.1	0.102194
12827.3	0.0928503
12870.5	0.0844179
12913.7	0.0781639
12956.9	0.0716186
13000.0	0.0643429
13043.2	0.0570569
13086.4	0.051028
13129.6	0.0443548
13172.7	0.0377623
13215.9	0.0309149
13259.0	0.022614
13302.2	0.0137183
13345.3	0.00626666
13388.4	0.0023435
13431.5	0.00169447
13474.6	0.0010804
13517.6	0.00114146
13560.6	-0.000960214
13603.7	-4.57205e-06
13646.7	-6.18209e-05
13689.6	0.001266
13732.6	0.000856239
13775.5	-0.000275992
13818.4	6.5937e-05
13861.3	-0.00110092
13904.1	0.00152874
13946.9	-0.000655507
13989.7	-0.000425592
14032.4	0.00158329
14075.1	-0.000308183
14117.8	0.000974944
14160.5	0.000436265
14203.1	0.000637741
14245.6	0.000576649
14288.1	0.00122343
14330.6	0.00184941
14373.1	0.00112189
14415.5	0.00205551
14457.8	0.00280951
14500.2	0.00260991
14542.4	0.00346876
14584.6	0.00425469
14626.8	0.00374915
14669.0	0.00486291
14711.0	0.00376286
14753.1	0.00407083
14795.1	0.00460542
14837.0	0.0061097
14878.9	0.00654817
14920.7	0.0075495
14962.5	0.00819461
15004.2	0.00848502
15045.9	0.0104564
15087.5	0.0108239
15129.1	0.0135793
15170.6	0.0147521
15212.1	0.0165554
15253.5	0.0188362
15294.8	0.0202849
15336.1	0.0256048
15377.3	0.028154
15418.5	0.0310736
15459.6	0.034793
15500.7	0.0368346
15541.7	0.0404583
15582.6	0.0427724
15623.5	0.0468354
15664.3	0.0498188
15705.0	0.0527143
15745.7	0.055835
15786.3	0.0577712
15826.9	0.0592104
15867.4	0.0550481
15907.8	0.0534009
15948.2	0.0481762
15988.5	0.0417972
16028.7	0.0315854
16068.9	0.024578
16109.0	0.0172764
16149.1	0.0127064
16189.1	0.0100597
16229.0	0.0073198
16268.9	0.00592143
16308.7	0.00615988
16348.4	0.00483733
16388.1	0.00485531
16427.6	0.00493522
16467.2	0.00621464
16506.6	0.0066843
16546.0	0.00668243
16585.4	0.00727303
16624.7	0.00571774
16663.9	0.00485815
16703.0	0.00295167
16742.1	0.00348968
16781.1	0.00473864
16820.0	0.00586785
16858.9	0.00595486
16897.7	0.00575634
16936.5	0.00451779
16975.1	0.00368125
17013.8	0.00335701
17052.3	0.00268604
17090.8	0.00322306
17129.2	0.00457246
17167.6	0.00542904
17205.8	0.00629075
17244.1	0.00671146
17282.2	0.00519744
17320.3	0.00431678
17358.4	0.00419852
17396.3	0.00370975
17434.2	0.0043225
17472.1	0.00417881
17509.8	0.00402838
17547.6	0.0045794
17585.2	0.00448676
17622.8	0.00365655
17660.3	0.0035482
17697.8	0.00389416
17735.2	0.00292698
17772.5	0.00282818
17809.8	0.00297279
17847.0	0.00319441
17884.1	0.00257726
17921.2	0.00249121
17958.3	0.00152238
17995.2	0.00122782
18032.1	0.000963876
18069.0	0.00140941
18105.8	0.00321453
18142.5	0.0018362
18179.2	0.00194828
18215.8	0.00315022
18252.3	0.00199111
18288.8	0.00219661
18325.2	0.000397426
18361.6	0.0012186
18397.9	0.00107009
18434.2	-0.00144695
18470.4	0.000504124
18506.5	0.00223381
18542.6	0.00144591
18578.7	0.00202719
18614.6	0.00193324
18650.6	0.000637562
18686.4	0.000575834
18722.2	0.0040983
18758.0	0.00212799
18793.7	0.00323832
18829.3	0.00401704
18864.9	0.00306749
18900.5	0.00340785
18936.0	0.00315967
18971.4	0.00431507
19006.8	0.00424875
19042.1	0.00387028
19077.4	0.00381471
19112.6	0.00263574
19147.7	0.00451366
19182.9	0.00425067
19217.9	0.00373061
19252.9	0.00373756
19287.9	0.00379483
19322.8	0.00162032
19357.7	0.00117522
19392.5	0.00212711
19427.2	0.00164455
19462.0	0.00237394
19496.6	0.00204182
19531.2	0.00211677
19565.8	0.00139948
19600.3	0.00203425
19634.8	0.00284595
19669.2	0.00310676
19703.6	0.00345098
19737.9	0.00329733
19772.1	0.00316433
19806.4	0.00357362
19840.5	0.00399002
19874.7	0.00467751
19908.8	0.00459414
19942.8	0.00493281
19976.8	0.00564771
20010.7	0.00659298
20044.6	0.00600595
20078.5	0.00713405
20112.3	0.00706578
20146.0	0.00668833
20179.7	0.00835402
20213.4	0.00787827
20247.0	0.00950394
20280.6	0.0103194
20314.1	0.00930391
20347.6	0.0100615
20381.0	0.00994018
20414.4	0.0109673
20447.8	0.0108258
20481.1	0.0119628
20514.3	0.0128443
20547.5	0.0111394
20580.7	0.0128331
20613.8	0.0132096
20646.9	0.0136038
20679.9	0.0136883
20712.9	0.013393
20745.8	0.013025
20778.7	0.0137477
20811.6	0.0135385
20844.4	0.0133466
20877.1	0.0134283
20909.8	0.013013
20942.5	0.01311
20975.1	0.0129491
21007.7	0.0124655
21040.2	0.0122573
21072.7	0.0119415
21105.1	0.0123506
21137.5	0.0111984
21169.9	0.0105649
21202.2	0.0110455
21234.4	0.0103946
21266.7	0.00966272
21298.8	0.00951107
21330.9	0.00855955
21363.0	0.00842643
21395.0	0.0084834
21427.0	0.00819347
21458.9	0.00720295
21490.8	0.00785601
21522.7	0.00634881
21554.5	0.0064456
21586.2	0.00609424
21617.9	0.00600752
21649.6	0.0054984
21681.2	0.00560636
21712.7	0.00476877
21744.2	0.00514608
21775.7	0.00449221
21807.1	0.00405967
21838.5	0.00386609
21869.8	0.0039349
21901.0	0.00327777
21932.3	0.00248923
21963.4	0.00176199
21994.5	0.00105308
22025.6	0.000524327
22056.6	0.000471233
22087.6	0.00037906
22118.5	0.000383552
22149.4	0.00102034
22180.2	0.00119478
22211.0	0.000828933
22241.7	0.00117123
22272.4	0.000391417
22303.0	0.000436793
22333.6	0.00119698
22364.1	0.000361916
22394.6	0.000480494
22425.0	0.000531374
22455.4	0.000219504
22485.7	0.000279183
22515.9	0.0001272
22546.1	0.00065509
22576.3	0.00053724
22606.4	7.572e-05
22636.5	0.000334094
22666.5	0.000219178
22696.4	0.000299608
22726.3	0.000413382
22756.2	0.000453393
22786.0	0.000379294
22815.7	0.000323993
22845.4	0.000236823
22875.1	0.000471784
22904.7	8.78976e-05
22934.2	0.0003929
22963.7	-6.76693e-05
22993.1	0.000291599
23022.5	0.000122657
23051.8	-9.04158e-05
23081.1	0.00028405
23110.3	0.000578438
23139.5	0.000664353
23168.7	0.000351027
23197.7	0.00078776
23226.8	-3.77405e-05
23255.7	0.000577302
23284.7	0.000474849
23313.5	-9.51681e-05
23342.4	0.00044608
23371.1	-0.000333705
23399.9	-0.000327955
23428.5	0.000161395
23457.2	0.000164339
23485.7	0.000595496
23514.3	0.000362148
23542.8	3.61614e-05
23571.2	0.000376007
23599.6	-0.000549552
23628.0	0.00076323
23656.3	0.000562576
23684.5	-0.000346162
23712.7	-0.000104517
23740.9	-0.000118535
23769.1	-0.000930271
23797.1	-4.8031e-05
23825.2	1.42075e-05
23853.2	-0.000551199
23881.2	0.000385866
23909.1	0.000542311
23937.0	0.000556977
23964.9	0.000428192
23992.7	-0.000385147
24020.5	0.000286483
24048.3	0.000474147
24076.0	0.00118352
24103.7	0.000514891
24131.4	0.00086946
24159.0	0.00115317
24186.7	0.000826068
24214.3	0.00127676
24241.8	0.000774858
24269.4	0.000535943
24296.9	0.000736279
24324.4	-0.000149726
24351.9	0.00173077
24379.4	0.000625469
24406.9	0.000555722
24434.3	0.00115396
24461.8	0.00161913
24489.2	0.00080157
24516.7	0.000734692
24544.1	0.000729835
24571.5	0.000981339
24599.0	0.000722526
24626.4	0.00110321
24653.9	0.00212948
24681.3	0.00136536
24708.8	0.000364431
24736.3	0.0022351
24763.8	0.000737233
24791.3	0.00159511
24818.9	0.00235357
24846.4	0.000367278
24874.0	0.00123102
24901.7	0.002093
24929.3	0.000667245
24957.0	0.00246739
24984.8	0.00236962
25012.6	0.00181009
25040.4	0.0015042
25068.3	0.000992372
25096.3	0.00014573
25124.3	0.00280199
25152.3	0.00131835
25180.5	0.00156582
25208.7	-0.00147234
25237.0	0.00172211
25265.4	-0.000450914
25293.8	-0.00104167
25322.4	-0.000209374
25351.0	0.000746727
25379.8	0.00415352
25408.6	-0.00629046
25437.6	-0.00382598
25466.7	-0.00031911
25495.9	0.00237371
25525.2	0.0287112
25554.6	-0.00684743
25584.2	-0.0091927
33682.0	0.002003736964516555
46179.0	0.007722313079277522
53650.0	0.0
