# Wavelength_(Angstrom)	Flux_(cgs)
6488.73	0.0170624
6510.99	0.0124665
6533.13	0.0484138
6555.17	0.0283702
6577.11	0.00408357
6598.96	0.0315072
6620.73	0.016407
6642.44	0.00548668
6664.08	0.0112887
6685.68	0.0193902
6707.23	0.002062
6728.75	-0.0047314
6750.24	0.0159187
6771.72	-0.00417864
6793.19	-0.00430462
6814.66	0.0171088
6836.13	-0.0051957
6857.62	-0.00051998
6879.13	-0.00900651
6900.67	0.011637
6922.25	0.0177204
6943.86	0.00675666
6965.53	0.00625672
6987.24	0.0127471
7009.02	0.0220135
7030.87	0.0062534
7052.79	0.00292737
7074.79	-0.00109614
7096.87	-0.000826487
7119.04	0.00116618
7141.3	-0.000715271
7163.66	0.00561186
7186.13	-0.000486129
7208.71	0.00715639
7231.4	0.00204783
7254.2	0.00223877
7277.13	-0.0100863
7300.19	-0.00396399
7323.38	0.00237401
7346.7	-0.000481577
7370.15	0.000684106
7393.75	0.00409777
7417.5	-0.0036443
7441.39	-0.00343116
7465.43	0.00136222
7489.63	-0.00291383
7513.99	-0.00159979
7538.5	0.0043284
7563.18	-0.00371026
7588.02	0.00125827
7613.04	-8.3459e-05
7638.22	0.00180658
7663.57	-0.00644267
7689.1	-0.00166775
7714.81	0.000133592
7740.69	0.000765503
7766.76	0.000435125
7793.01	-0.00399072
7819.44	0.00355016
7846.05	0.00162418
7872.86	0.00425882
7899.85	-0.000811114
7927.03	0.00104293
7954.4	-0.00153768
7981.96	0.0025976
8009.71	0.00259542
8037.66	0.00896428
8065.8	0.00529011
8094.14	0.00500278
8122.67	0.00357593
8151.39	0.0115515
8180.31	0.00610475
8209.43	0.0108526
8238.75	0.0112996
8268.26	0.00521011
8297.97	0.0104354
8327.88	0.011091
8357.98	0.0115523
8388.28	0.0150634
8418.78	0.0147934
8449.47	0.0142564
8480.36	0.013276
8511.45	0.0170598
8542.73	0.0178337
8574.21	0.0173996
8605.88	0.0166456
8637.75	0.0133427
8669.81	0.0154282
8702.06	0.014851
8734.51	0.0156514
8767.15	0.0183408
8799.97	0.0193705
8832.99	0.0209907
8866.19	0.0233778
8899.59	0.023522
8933.16	0.0219632
8966.93	0.0222308
9000.88	0.0235341
9035.01	0.025054
9069.32	0.0293452
9103.81	0.030412
9138.49	0.0315101
9173.34	0.0320315
9208.36	0.0347518
9243.57	0.0298412
9278.94	0.035647
9314.49	0.0342065
9350.21	0.0317126
9386.1	0.0359698
9422.15	0.0378981
9458.37	0.0385584
9494.76	0.0420331
9531.31	0.0394927
9568.02	0.0390147
9604.89	0.0398576
9641.91	0.0436586
9679.09	0.0446426
9716.43	0.0467959
9753.92	0.0494006
9791.56	0.049061
9829.34	0.0493058
9867.28	0.0480095
9905.35	0.0463299
9943.57	0.0466473
9981.94	0.0460867
10020.4	0.0481866
10059.1	0.0504794
10097.8	0.0524285
10136.7	0.0531435
10175.8	0.0536865
10214.9	0.0547751
10254.2	0.0579341
10293.7	0.0605118
10333.2	0.061619
10372.9	0.0629972
10412.6	0.0653573
10452.5	0.0660526
10492.5	0.0692655
10532.7	0.0681039
10572.9	0.0723287
10613.2	0.0692914
10653.7	0.0724116
10694.2	0.0749633
10734.9	0.0742312
10775.6	0.0746846
10816.5	0.0774534
10857.4	0.0762462
10898.5	0.0740488
10939.6	0.0716064
10980.8	0.0689873
11022.2	0.0671806
11063.5	0.0684065
11105.0	0.0646687
11146.6	0.0637008
11188.2	0.0616377
11229.9	0.0642485
11271.7	0.0618004
11313.6	0.0583756
11355.5	0.0585616
11397.5	0.0587035
11439.6	0.0608641
11481.7	0.0640221
11523.9	0.0641951
11566.2	0.0620625
11608.5	0.0616216
11650.9	0.0613833
11693.3	0.0601165
11735.8	0.060047
11778.3	0.0624646
11820.9	0.0685194
11863.5	0.0723623
11906.1	0.0744747
11948.9	0.0757493
11991.6	0.0765591
12034.4	0.0776534
12077.2	0.0810782
12120.1	0.0841238
12163.0	0.0868802
12205.9	0.0873677
12248.8	0.0913822
12291.8	0.0912573
12334.8	0.0902682
12377.9	0.0903309
12420.9	0.0922728
12464.0	0.0897765
12507.1	0.0931189
12550.2	0.09688
12593.3	0.101151
12636.4	0.100949
12679.6	0.101359
12722.7	0.0999789
12765.9	0.100543
12809.1	0.0966608
12852.3	0.100798
12895.4	0.0987955
12938.6	0.100481
12981.8	0.0992121
13025.0	0.100071
13068.2	0.0983525
13111.3	0.0983774
13154.5	0.0964142
13197.6	0.0953697
13240.8	0.0865926
13283.9	0.0770565
13327.1	0.059759
13370.2	0.0475415
13413.3	0.0390215
13456.4	0.0391127
13499.4	0.0375337
13542.5	0.0401853
13585.5	0.0338339
13628.5	0.0315237
13671.5	0.025419
13714.4	0.0288337
13757.4	0.0358972
13800.3	0.03367
13843.2	0.0344965
13886.0	0.0304152
13928.8	0.0316364
13971.6	0.0311003
14014.4	0.0277366
14057.1	0.0267563
14099.8	0.0278547
14142.4	0.0242542
14185.1	0.0258168
14227.6	0.0266007
14270.2	0.0281275
14312.7	0.0271943
14355.1	0.0291591
14397.6	0.0301785
14439.9	0.0294788
14482.3	0.0328262
14524.6	0.0347014
14566.8	0.0379112
14609.0	0.0400286
14651.2	0.0405539
14693.3	0.0382967
14735.3	0.0410719
14777.3	0.039714
14819.3	0.0436972
14861.2	0.042385
14903.1	0.0459468
14944.9	0.0464498
14986.6	0.0487827
15028.3	0.0500059
15070.0	0.0540446
15111.6	0.0539487
15153.1	0.0568181
15194.6	0.0584398
15236.0	0.0611325
15277.4	0.0626781
15318.7	0.0649335
15359.9	0.064863
15401.1	0.0692044
15442.3	0.0704432
15483.3	0.0737856
15524.3	0.0741887
15565.3	0.0766783
15606.2	0.0752265
15647.0	0.0789632
15687.8	0.0797834
15728.5	0.0826243
15769.2	0.0801461
15809.8	0.081915
15850.3	0.0817005
15890.7	0.0820906
15931.1	0.0830497
15971.5	0.0847103
16011.7	0.083244
16052.0	0.0828202
16092.1	0.082215
16132.2	0.0803114
16172.2	0.0783804
16212.1	0.0806922
16252.0	0.0777835
16291.9	0.0780498
16331.6	0.07657
16371.3	0.077183
16410.9	0.0760861
16450.5	0.0798648
16490.0	0.0796073
16529.4	0.0792544
16568.8	0.0788228
16608.1	0.0796062
16647.3	0.0762913
16686.5	0.0761726
16725.6	0.0735437
16764.6	0.0741571
16803.6	0.0743644
16842.5	0.0758617
16881.3	0.0758612
16920.1	0.0754752
16958.8	0.0737343
16997.4	0.0743452
17036.0	0.0734224
17074.5	0.0725639
17113.0	0.068979
17151.4	0.0684375
17189.7	0.0679717
17227.9	0.0663511
17266.1	0.0634553
17304.2	0.0625967
17342.3	0.0592206
17380.3	0.0586574
17418.2	0.056272
17456.1	0.0549259
17493.9	0.0524233
17531.6	0.0500991
17569.3	0.0484951
17606.9	0.0468243
17644.5	0.0458928
17682.0	0.0441211
17719.4	0.0414211
17756.7	0.0410344
17794.0	0.0389351
17831.3	0.0385153
17868.5	0.0364166
17905.6	0.0357426
17942.6	0.0362238
17979.6	0.0364772
18016.6	0.0342133
18053.4	0.0332396
18090.2	0.0340103
18127.0	0.035609
18163.7	0.0352486
18200.3	0.0385687
18236.9	0.0387778
18273.4	0.0405151
18309.9	0.0448704
18346.3	0.0387948
18382.6	0.0309275
18418.9	0.0293562
18455.1	0.0297811
18491.3	0.034788
18527.4	0.0290628
18563.5	0.0238442
18599.5	0.0280576
18635.4	0.0296432
18671.3	0.0327183
18707.1	0.0239566
18742.9	0.0190917
18778.6	0.024401
18814.3	0.0282871
18849.9	0.033571
18885.5	0.0316955
18921.0	0.0393591
18956.4	0.0359183
18991.8	0.04127
19027.2	0.0359007
19062.5	0.0355788
19097.7	0.0357469
19132.9	0.0371529
19168.0	0.0320779
19203.1	0.0368916
19238.2	0.0337674
19273.1	0.031147
19308.1	0.0310066
19343.0	0.028387
19377.8	0.0267341
19412.6	0.0271125
19447.3	0.0263891
19482.0	0.0298272
19516.6	0.0296262
19551.2	0.02833
19585.7	0.0254153
19620.2	0.0252878
19654.7	0.0262459
19689.0	0.0276201
19723.4	0.0273206
19757.7	0.0276473
19791.9	0.0288963
19826.1	0.0304404
19860.3	0.0301192
19894.4	0.0317294
19928.4	0.0327064
19962.4	0.0351245
19996.4	0.0377002
20030.3	0.0354888
20064.2	0.0334751
20098.0	0.0322669
20131.8	0.0318467
20165.5	0.033082
20199.2	0.0333143
20232.8	0.0339124
20266.4	0.0347315
20300.0	0.0368644
20333.5	0.037481
20366.9	0.0388653
20400.3	0.0389902
20433.7	0.0400773
20467.0	0.0425035
20500.3	0.0416699
20533.5	0.0419794
20566.7	0.0425087
20599.8	0.042461
20632.9	0.0433034
20666.0	0.0429547
20699.0	0.0428122
20731.9	0.0420451
20764.8	0.0431632
20797.7	0.0437229
20830.5	0.0447006
20863.3	0.0440115
20896.0	0.0455997
20928.7	0.0449742
20961.3	0.0456808
20993.9	0.0448408
21026.5	0.0453782
21059.0	0.0456203
21091.4	0.0458184
21123.9	0.0449077
21156.2	0.0451383
21188.5	0.0459252
21220.8	0.0455227
21253.1	0.0457761
21285.2	0.0457353
21317.4	0.0460386
21349.5	0.0456402
21381.5	0.0447824
21413.5	0.0451658
21445.5	0.0441045
21477.4	0.0449286
21509.2	0.0442648
21541.0	0.0438604
21572.8	0.0438384
21604.5	0.0442407
21636.2	0.0436471
21667.8	0.0431319
21699.4	0.0440689
21730.9	0.0426046
21762.4	0.041971
21793.8	0.0425017
21825.2	0.0419883
21856.5	0.0424499
21887.8	0.0418619
21919.1	0.0413797
21950.3	0.0400348
21981.4	0.0393156
22012.5	0.0384638
22043.5	0.0365413
22074.5	0.0370539
22105.5	0.0378234
22136.4	0.0380435
22167.2	0.0364012
22198.0	0.0368203
22228.7	0.0367544
22259.4	0.0368891
22290.1	0.0363059
22320.7	0.0359139
22351.2	0.0344539
22381.7	0.0368293
22412.1	0.0354094
22442.5	0.0346833
22472.9	0.0342993
22503.2	0.0338968
22533.4	0.0346483
22563.6	0.0338739
22593.7	0.0342572
22623.8	0.0339151
22653.8	0.0340908
22683.8	0.0328392
22713.7	0.033241
22743.6	0.0327699
22773.4	0.0325696
22803.2	0.0329975
22832.9	0.0326927
22862.6	0.0313916
22892.2	0.0318578
22921.7	0.0300257
22951.2	0.0288426
22980.7	0.0273008
23010.1	0.0262012
23039.5	0.0256755
23068.8	0.0264611
23098.0	0.0260398
23127.2	0.0269579
23156.4	0.0272852
23185.5	0.0259607
23214.5	0.0242065
23243.5	0.024451
23272.4	0.0246283
23301.3	0.0243861
23330.2	0.0252945
23359.0	0.0259021
23387.7	0.0256102
23416.4	0.0250766
23445.1	0.025791
23473.7	0.024544
23502.2	0.0246597
23530.7	0.0257747
23559.2	0.0246761
23587.6	0.0253345
23616.0	0.0263994
23644.3	0.0265964
23672.6	0.0258013
23700.8	0.0259684
23729.0	0.022922
23757.2	0.0240176
23785.3	0.0250913
23813.4	0.0245979
23841.4	0.0248772
23869.4	0.024268
23897.3	0.0249205
23925.2	0.0244565
23953.1	0.0266299
23981.0	0.0253526
24008.8	0.0251408
24036.6	0.0255003
24064.3	0.0254285
24092.0	0.0250629
24119.7	0.0251683
24147.4	0.0264266
24175.0	0.023819
24202.6	0.0241876
24230.2	0.0238293
24257.7	0.0262412
24285.3	0.0238463
24312.8	0.0253261
24340.3	0.0245826
24367.8	0.0206447
24395.3	0.0238566
24422.7	0.0248054
24450.2	0.0236242
24477.6	0.0201475
24505.1	0.0202364
24532.5	0.0197076
24560.0	0.0206522
24587.4	0.0217191
24614.8	0.020658
24642.3	0.022134
24669.7	0.0167917
24697.2	0.0214037
24724.7	0.0194592
24752.2	0.0166766
24779.7	0.019361
24807.2	0.0171147
24834.8	0.0199904
24862.4	0.0243282
24890.0	0.0201688
24917.6	0.02088
24945.3	0.0178029
24973.1	0.0143178
25000.8	0.0171267
25028.6	0.0172836
25056.5	0.0202869
25084.4	0.01798
25112.4	0.0211879
25140.5	0.0229505
25168.6	0.00941427
25196.8	0.0181745
25225.0	0.0212744
25253.4	0.0134604
25281.8	0.0151439
25310.3	0.023709
25338.9	0.0267722
25367.6	0.0213197
25396.4	0.0376313
25425.4	0.0316703
25454.4	-0.0104114
25483.5	-0.0172476
25512.8	0.0607978
25542.2	0.0216412
25571.7	0.0278275
33682.0	0.015357895284753632
46179.0	0.007050800018041641
53650.0	0.0
