# Wavelength_(Angstrom)	Flux_(cgs)
6503.12	0.0677645
6525.31	-0.0451294
6547.38	-0.0375641
6569.36	-0.0245663
6591.24	-0.0401944
6613.04	0.0156811
6634.76	-0.0463669
6656.43	-0.0167037
6678.04	-0.0367141
6699.61	0.00341143
6721.14	-0.0127896
6742.64	-0.0310888
6764.12	-0.0408931
6785.59	-0.0408946
6807.06	-0.0964194
6828.53	-0.0745358
6850.02	-0.02272
6871.52	-0.0116652
6893.05	-0.0464421
6914.61	0.0161729
6936.21	0.0273231
6957.85	0.0109706
6979.55	0.00615367
7001.31	0.0360589
7023.13	0.0484201
7045.02	-0.00521195
7066.99	0.00272642
7089.04	0.00470381
7111.18	-0.00054336
7133.41	0.0148875
7155.74	0.0194842
7178.17	0.0319027
7200.7	0.066142
7223.35	0.0090072
7246.12	0.00584766
7269.0	0.0319969
7292.01	0.00360386
7315.15	-0.0337762
7338.43	-0.0121589
7361.84	0.0226563
7385.38	0.00514874
7409.08	0.00127853
7432.92	-0.00487423
7456.91	0.00311423
7481.05	-0.00737261
7505.35	0.0278057
7529.81	-0.0074147
7554.43	0.0219565
7579.21	0.0116022
7604.17	0.00996274
7629.29	0.0145616
7654.58	-0.00106378
7680.05	0.0119703
7705.69	-0.00448635
7731.51	-0.0221662
7757.51	-0.0143816
7783.7	-0.00225304
7810.06	-0.00597843
7836.61	-0.0107726
7863.35	0.0017771
7890.27	0.0140503
7917.39	0.00482703
7944.69	-0.00392399
7972.18	0.015221
7999.87	0.00265797
8027.75	0.00710376
8055.82	0.00591324
8084.09	0.0118126
8112.55	0.00899364
8141.2	0.00525311
8170.06	0.0228272
8199.11	0.00707714
8228.35	0.00762259
8257.79	0.0302323
8287.43	0.0105899
8317.27	0.0161624
8347.31	0.00813608
8377.54	0.0155898
8407.96	0.029631
8438.59	0.00996757
8469.41	0.00239914
8500.43	0.0255412
8531.64	0.0267492
8563.05	0.0223803
8594.65	0.0240277
8626.45	0.0201873
8658.44	0.0203886
8690.63	0.0157037
8723.01	0.0137756
8755.57	0.0183599
8788.33	0.0175261
8821.28	0.0209031
8854.42	0.0211679
8887.75	0.0277634
8921.26	0.0333425
8954.96	0.0215503
8988.84	0.00443711
9022.91	0.0270662
9057.16	0.0246185
9091.59	0.0238439
9126.2	0.0190826
9160.98	0.0261496
9195.95	0.0271528
9231.09	0.0361614
9266.4	0.0204911
9301.89	0.0319335
9337.55	0.0329796
9373.38	0.0287608
9409.37	0.031911
9445.54	0.0280354
9481.87	0.031533
9518.36	0.0350553
9555.01	0.0300275
9591.82	0.0368836
9628.79	0.0351386
9665.92	0.0355226
9703.2	0.0410375
9740.63	0.0430058
9778.22	0.0435307
9815.95	0.0444347
9853.84	0.0406217
9891.86	0.0438595
9930.03	0.0365576
9968.34	0.0369918
10006.8	0.0379296
10045.4	0.0390166
10084.1	0.0527815
10123.0	0.0449406
10162.0	0.0431984
10201.1	0.0499748
10240.3	0.0478773
10279.7	0.0485865
10319.2	0.0600001
10358.8	0.0535538
10398.5	0.0535396
10438.4	0.0542045
10478.4	0.0564347
10518.5	0.0555964
10558.6	0.0592174
10599.0	0.0662613
10639.4	0.0609178
10679.9	0.0598323
10720.5	0.0587955
10761.2	0.0617586
10802.0	0.064934
10842.9	0.0724589
10884.0	0.0652931
10925.1	0.0673886
10966.2	0.0575192
11007.5	0.0625724
11048.9	0.0602525
11090.3	0.0584802
11131.9	0.0573169
11173.5	0.0559965
11215.2	0.0628754
11256.9	0.0575963
11298.8	0.0591774
11340.7	0.0576965
11382.7	0.0519397
11424.7	0.0627872
11466.8	0.062641
11509.0	0.0567312
11551.2	0.0623668
11593.5	0.0656965
11635.9	0.0643876
11678.3	0.0641978
11720.7	0.0605869
11763.2	0.060927
11805.8	0.0638024
11848.4	0.0679905
11891.0	0.0729758
11933.7	0.0710091
11976.5	0.0656669
12019.2	0.0711383
12062.1	0.0753099
12104.9	0.0728215
12147.8	0.0773295
12190.7	0.0813308
12233.6	0.0790327
12276.6	0.0812263
12319.6	0.0849011
12362.6	0.0829538
12405.7	0.0794307
12448.7	0.0818843
12491.8	0.0847356
12534.9	0.0883537
12578.0	0.088725
12621.2	0.0926693
12664.3	0.0908939
12707.5	0.0945873
12750.6	0.098181
12793.8	0.100108
12837.0	0.0970629
12880.2	0.100377
12923.3	0.0974321
12966.5	0.0932179
13009.7	0.0913767
13052.9	0.0980715
13096.0	0.0935276
13139.2	0.0949402
13182.4	0.0932069
13225.5	0.0897664
13268.7	0.0883575
13311.8	0.0752632
13354.9	0.0615626
13398.0	0.0525374
13441.1	0.043067
13484.2	0.0457847
13527.2	0.03778
13570.3	0.038475
13613.3	0.0358041
13656.3	0.0372188
13699.2	0.0398007
13742.2	0.0429922
13785.1	0.0436385
13828.0	0.0404399
13870.9	0.0426668
13913.7	0.0420666
13956.5	0.0402455
13999.3	0.0472744
14042.0	0.038994
14084.7	0.0431936
14127.4	0.0396495
14170.0	0.0410591
14212.6	0.0392614
14255.1	0.0321264
14297.6	0.0378341
14340.1	0.0371737
14382.6	0.0379751
14425.0	0.0386844
14467.3	0.0437393
14509.6	0.0499225
14551.9	0.0485276
14594.1	0.0494172
14636.3	0.0503017
14678.4	0.048748
14720.5	0.0487397
14762.5	0.0513555
14804.5	0.0527894
14846.4	0.0533124
14888.3	0.0546067
14930.1	0.0552444
14971.9	0.0568876
15013.6	0.0596601
15055.2	0.0624682
15096.8	0.0550875
15138.4	0.0590092
15179.9	0.0669787
15221.3	0.068067
15262.7	0.0691202
15304.1	0.0720072
15345.3	0.0758482
15386.5	0.0761254
15427.7	0.0788993
15468.8	0.0801582
15509.8	0.0800448
15550.8	0.0857083
15591.7	0.0871645
15632.6	0.0843334
15673.4	0.0848586
15714.1	0.0845352
15754.8	0.0866685
15795.4	0.0912809
15835.9	0.0890017
15876.4	0.0901272
15916.9	0.0886108
15957.2	0.0973179
15997.5	0.0937023
16037.7	0.102563
16077.9	0.100065
16118.0	0.0936989
16158.0	0.0925521
16198.0	0.08862
16237.9	0.0979417
16277.8	0.0987733
16317.5	0.0953992
16357.3	0.0989015
16396.9	0.100228
16436.5	0.0959793
16476.0	0.102309
16515.5	0.105028
16554.9	0.0988512
16594.2	0.0955829
16633.4	0.101726
16672.6	0.0981785
16711.7	0.0989242
16750.8	0.0989695
16789.8	0.0992072
16828.7	0.100201
16867.6	0.100604
16906.4	0.102726
16945.1	0.101975
16983.8	0.0960904
17022.4	0.0943616
17060.9	0.0982969
17099.4	0.0973534
17137.8	0.0936577
17176.1	0.0914257
17214.4	0.0903291
17252.6	0.0863295
17290.8	0.0852115
17328.8	0.0813763
17366.9	0.0788529
17404.8	0.0766649
17442.7	0.073221
17480.5	0.0772427
17518.3	0.074299
17556.0	0.0721627
17593.6	0.0729838
17631.2	0.0714239
17668.7	0.0652618
17706.1	0.060518
17743.5	0.0635923
17780.8	0.0596202
17818.1	0.0589465
17855.3	0.0602733
17892.4	0.0542112
17929.5	0.0572484
17966.5	0.0555552
18003.5	0.0540324
18040.4	0.0508211
18077.2	0.0444382
18114.0	0.0514895
18150.7	0.0519301
18187.4	0.0488512
18224.0	0.0506222
18260.5	0.0513358
18297.0	0.056271
18333.4	0.052532
18369.8	0.0498555
18406.1	0.0475795
18442.3	0.0484818
18478.5	0.0530789
18514.6	0.0495949
18550.7	0.0442824
18586.7	0.0471633
18622.7	0.0399587
18658.6	0.0442571
18694.4	0.05058
18730.2	0.0437493
18766.0	0.0518208
18801.7	0.0431399
18837.3	0.0478279
18872.9	0.0479402
18908.4	0.0497383
18943.9	0.051118
18979.3	0.0523849
19014.7	0.0488839
19050.0	0.0514175
19085.2	0.0548962
19120.4	0.0511732
19155.6	0.0560725
19190.7	0.0551111
19225.8	0.057435
19260.8	0.0503563
19295.7	0.0523946
19330.6	0.0482011
19365.5	0.048617
19400.3	0.0474443
19435.0	0.0488798
19469.7	0.0478366
19504.4	0.0490422
19539.0	0.0475974
19573.5	0.048619
19608.0	0.0437394
19642.5	0.0482059
19676.9	0.0504446
19711.2	0.0477542
19745.5	0.0460819
19779.8	0.0487282
19814.0	0.0472536
19848.2	0.048103
19882.3	0.0501184
19916.4	0.0503309
19950.4	0.0494026
19984.4	0.0507105
20018.3	0.0596641
20052.2	0.0517295
20086.0	0.0478889
20119.8	0.0537744
20153.6	0.0509018
20187.3	0.0526478
20220.9	0.0544176
20254.5	0.0561105
20288.1	0.0544175
20321.6	0.0512727
20355.1	0.0576802
20388.5	0.0595241
20421.9	0.0614931
20455.2	0.0584861
20488.5	0.0617032
20521.8	0.0611877
20554.9	0.0592477
20588.1	0.0591491
20621.2	0.0667313
20654.3	0.0649487
20687.3	0.0648934
20720.3	0.0656333
20753.2	0.0656488
20786.1	0.0650706
20818.9	0.0635998
20851.7	0.0689485
20884.4	0.0646209
20917.1	0.0679778
20949.8	0.0672739
20982.4	0.0699851
21015.0	0.0699654
21047.5	0.0673083
21080.0	0.0679575
21112.4	0.0690112
21144.8	0.0702419
21177.1	0.069459
21209.4	0.0702486
21241.7	0.0718465
21273.9	0.0690303
21306.0	0.0712574
21338.1	0.0702291
21370.2	0.0726112
21402.2	0.0701087
21434.2	0.0724065
21466.1	0.07211
21498.0	0.0728344
21529.8	0.0680916
21561.6	0.0732305
21593.3	0.0714532
21625.0	0.0706466
21656.6	0.0710413
21688.2	0.0719865
21719.8	0.070221
21751.3	0.070041
21782.7	0.0698987
21814.1	0.066253
21845.5	0.0717154
21876.8	0.0693202
21908.0	0.0678326
21939.2	0.0663208
21970.4	0.0703615
22001.5	0.0676563
22032.6	0.0700817
22063.6	0.0689393
22094.5	0.0686172
22125.4	0.068148
22156.3	0.064764
22187.1	0.0663046
22217.9	0.0652556
22248.6	0.0660996
22279.2	0.0654871
22309.9	0.0656211
22340.4	0.0661374
22370.9	0.0683776
22401.4	0.0652622
22431.8	0.0641737
22462.1	0.0626776
22492.4	0.062631
22522.7	0.0638692
22552.9	0.0642014
22583.1	0.064388
22613.1	0.0643846
22643.2	0.0621053
22673.2	0.0631077
22703.1	0.0635569
22733.0	0.0642847
22762.9	0.0648777
22792.6	0.0602761
22822.4	0.0609343
22852.1	0.0614833
22881.7	0.060781
22911.3	0.059323
22940.8	0.0592905
22970.3	0.053231
22999.7	0.0498012
23029.1	0.0521451
23058.4	0.0521242
23087.7	0.0509455
23116.9	0.0511319
23146.0	0.0528474
23175.2	0.0500311
23204.2	0.0515055
23233.2	0.0497645
23262.2	0.0501077
23291.1	0.0477831
23320.0	0.049175
23348.8	0.0497891
23377.6	0.0481308
23406.3	0.050642
23434.9	0.0516588
23463.6	0.0492995
23492.1	0.0501881
23520.7	0.0509042
23549.1	0.0517808
23577.6	0.0470832
23606.0	0.0514108
23634.3	0.0502745
23662.6	0.0463687
23690.8	0.0500101
23719.1	0.0510347
23747.2	0.0488342
23775.3	0.0518467
23803.4	0.0486198
23831.5	0.0468997
23859.5	0.0471646
23887.4	0.0472059
23915.4	0.0485898
23943.3	0.0472847
23971.1	0.0497465
23998.9	0.0479815
24026.7	0.0486715
24054.5	0.0498214
24082.2	0.045152
24109.9	0.0450697
24137.6	0.0448297
24165.2	0.0438619
24192.8	0.0454199
24220.4	0.0454466
24248.0	0.0441488
24275.5	0.0460022
24303.1	0.0426345
24330.6	0.0423739
24358.1	0.0430319
24385.6	0.0454846
24413.0	0.0433881
24440.5	0.0433823
24467.9	0.0432881
24495.4	0.0388833
24522.8	0.0384791
24550.3	0.038189
24577.7	0.0397961
24605.1	0.0398623
24632.6	0.0373219
24660.0	0.0409625
24687.5	0.0294264
24715.0	0.0365685
24742.4	0.034192
24769.9	0.0384606
24797.5	0.0394575
24825.0	0.0380866
24852.6	0.0396413
24880.2	0.0340204
24907.8	0.0295715
24935.5	0.0331518
24963.2	0.0293524
24991.0	0.0352381
25018.8	0.0306051
25046.6	0.0375655
25074.6	0.0310936
25102.5	0.035144
25130.5	0.0311233
25158.6	0.0282914
25186.8	0.0379574
25215.0	0.0352166
25243.3	0.0297392
25271.7	0.0377928
25300.2	0.0300118
25328.8	0.0316662
25357.5	0.0316566
25386.2	0.021296
25415.1	0.0297205
25444.1	0.0317949
25473.2	0.0367823
25502.4	0.0416113
25531.8	0.0516642
25561.3	0.00480185
25590.9	0.0242612
25620.6	0.0403512
33682.0	0.02466710201410619
46179.0	0.010139693436924956
53650.0	0.0
