# Wavelength_(Angstrom)	Flux_(cgs)
6499.1	-0.00415855
6521.3	0.000284701
6543.4	0.0190416
6565.39	-0.00197143
6587.28	-0.00291059
6609.1	0.00124803
6630.84	0.011316
6652.51	0.00258659
6674.13	0.00982229
6695.71	-0.0180686
6717.24	0.0066093
6738.75	-0.000608903
6760.24	0.00632696
6781.71	0.00339484
6803.18	-0.00993219
6824.65	0.000933219
6846.13	0.00665464
6867.63	-0.00143936
6889.15	-0.00189925
6910.7	0.00377021
6932.29	0.0109161
6953.93	0.0057829
6975.62	0.00392385
6997.37	1.3811e-05
7019.18	0.00559604
7041.06	0.0122081
7063.01	0.00782772
7085.04	0.0103264
7107.17	0.0103283
7129.38	0.0110965
7151.69	0.0056692
7174.1	0.00831829
7196.62	0.0113081
7219.25	0.00529331
7241.99	0.00902198
7264.85	0.0155016
7287.84	0.0045235
7310.96	0.000100256
7334.21	0.00954338
7357.59	0.00790872
7381.11	0.00541988
7404.78	0.00937888
7428.59	0.00717314
7452.55	0.00765962
7476.67	0.00680402
7500.94	0.00950469
7525.37	0.00377885
7549.96	0.00710846
7574.72	0.00502448
7599.64	0.00694849
7624.73	0.00618328
7649.99	0.00467057
7675.43	-0.00018674
7701.04	0.0040465
7726.83	0.00298024
7752.8	0.00686487
7778.95	0.00745725
7805.28	0.00593132
7831.8	0.0103469
7858.5	0.00757409
7885.39	0.00962093
7912.47	0.008951
7939.74	0.00773825
7967.2	0.0109398
7994.85	0.013918
8022.69	0.0118142
8050.73	0.0157012
8078.96	0.0164167
8107.38	0.0164031
8136.01	0.0180712
8164.82	0.0180577
8193.84	0.0165655
8223.05	0.019484
8252.45	0.0232163
8282.06	0.0196711
8311.86	0.0207475
8341.86	0.0202953
8372.05	0.021681
8402.45	0.0236205
8433.03	0.0214763
8463.82	0.0191348
8494.8	0.0226247
8525.98	0.0212932
8557.35	0.0215286
8588.92	0.0210574
8620.69	0.0183168
8652.64	0.0192046
8684.79	0.0172465
8717.13	0.0170493
8749.67	0.0155237
8782.39	0.0195461
8815.31	0.0210421
8848.41	0.0199958
8881.7	0.0228525
8915.18	0.0240121
8948.85	0.0242981
8982.7	0.0244636
9016.73	0.0268463
9050.95	0.0291183
9085.34	0.0312985
9119.92	0.0337681
9154.68	0.0346741
9189.61	0.0371387
9224.72	0.0386233
9260.0	0.0379558
9295.46	0.0382785
9331.09	0.0386105
9366.88	0.0386032
9402.85	0.0423056
9438.98	0.0444297
9475.28	0.0475984
9511.74	0.0479889
9548.37	0.046994
9585.15	0.0480161
9622.09	0.0474737
9659.19	0.0478348
9696.44	0.0498295
9733.85	0.0520209
9771.41	0.0534148
9809.12	0.0556012
9846.97	0.0528464
9884.97	0.0479766
9923.12	0.042101
9961.4	0.0387752
9999.83	0.0389398
10038.4	0.0418235
10077.1	0.046741
10115.9	0.049598
10154.9	0.0513804
10194.0	0.048099
10233.2	0.0497085
10272.6	0.0496271
10312.0	0.0528999
10351.6	0.0556411
10391.3	0.0559765
10431.2	0.0597856
10471.1	0.0596077
10511.2	0.0585944
10551.4	0.0575831
10591.7	0.058337
10632.0	0.0592839
10672.5	0.0619712
10713.1	0.0652846
10753.8	0.0681326
10794.6	0.0721081
10835.5	0.0749009
10876.5	0.0788253
10917.6	0.0807123
10958.8	0.0815364
11000.1	0.0819745
11041.4	0.0794994
11082.8	0.0778322
11124.3	0.0786623
11165.9	0.077449
11207.6	0.0814485
11249.4	0.081462
11291.2	0.0799472
11333.1	0.076232
11375.1	0.0748995
11417.1	0.0755836
11459.2	0.078415
11501.3	0.0840085
11543.6	0.0842253
11585.9	0.0841561
11628.2	0.082662
11670.6	0.0803904
11713.0	0.0771411
11755.5	0.0762734
11798.1	0.0768808
11840.7	0.0781259
11883.3	0.0805874
11926.0	0.076513
11968.7	0.0731085
12011.5	0.0725944
12054.3	0.0739494
12097.2	0.0779028
12140.0	0.0818296
12182.9	0.0837041
12225.9	0.0876035
12268.8	0.0897653
12311.8	0.0898463
12354.8	0.0852371
12397.9	0.081925
12441.0	0.0796853
12484.0	0.0815046
12527.1	0.085292
12570.2	0.0888865
12613.4	0.0943032
12656.5	0.0959331
12699.7	0.0991257
12742.8	0.101962
12786.0	0.101348
12829.2	0.0989195
12872.3	0.100172
12915.5	0.0996689
12958.7	0.0988981
13001.9	0.0995238
13045.1	0.0989493
13088.2	0.0990226
13131.4	0.100609
13174.6	0.100927
13217.7	0.100286
13260.9	0.096212
13304.0	0.0859721
13347.1	0.0752076
13390.2	0.0652204
13433.3	0.0623397
13476.4	0.0600246
13519.5	0.0583987
13562.5	0.0575015
13605.5	0.055741
13648.5	0.0530902
13691.5	0.0533411
13734.4	0.0548148
13777.3	0.0549291
13820.2	0.0564126
13863.1	0.0573531
13905.9	0.0568534
13948.7	0.054038
13991.5	0.0529038
14034.3	0.0507874
14077.0	0.0517592
14119.6	0.0488692
14162.3	0.0503909
14204.9	0.0501508
14247.4	0.0500333
14290.0	0.0490634
14332.4	0.0487456
14374.9	0.0489905
14417.3	0.0498545
14459.6	0.0497549
14502.0	0.0519272
14544.2	0.05381
14586.5	0.0555531
14628.6	0.0542199
14670.8	0.0543449
14712.8	0.0543523
14754.9	0.0542318
14796.9	0.0551017
14838.8	0.0564031
14880.7	0.0558199
14922.5	0.0580266
14964.3	0.0583692
15006.0	0.0597085
15047.7	0.0600591
15089.3	0.0620094
15130.9	0.0621622
15172.4	0.0637704
15213.8	0.0650253
15255.2	0.066571
15296.6	0.0671751
15337.9	0.0693554
15379.1	0.0692475
15420.3	0.0708841
15461.4	0.0723413
15502.4	0.0732048
15543.4	0.0740247
15584.3	0.0753658
15625.2	0.0760589
15666.0	0.0756634
15706.8	0.0763062
15747.4	0.0774745
15788.1	0.0784512
15828.6	0.0757062
15869.1	0.0739582
15909.5	0.0757274
15949.9	0.0778334
15990.2	0.0777326
16030.5	0.0793423
16070.6	0.078173
16110.8	0.0771637
16150.8	0.077047
16190.8	0.0782762
16230.7	0.0783865
16270.6	0.0780793
16310.4	0.077857
16350.1	0.0789352
16389.7	0.0797182
16429.3	0.0808343
16468.9	0.084217
16508.3	0.0838977
16547.7	0.084004
16587.1	0.0826268
16626.3	0.0839225
16665.5	0.083313
16704.7	0.0844635
16743.7	0.0831885
16782.7	0.0837811
16821.7	0.084707
16860.6	0.084211
16899.4	0.0850062
16938.1	0.0837511
16976.8	0.0827138
17015.4	0.0836522
17053.9	0.0826757
17092.4	0.082653
17130.8	0.0800322
17169.2	0.0785435
17207.5	0.0771542
17245.7	0.075217
17283.9	0.0737047
17322.0	0.072969
17360.0	0.0704203
17397.9	0.0702134
17435.8	0.0692272
17473.7	0.0684301
17511.5	0.0655327
17549.2	0.0638696
17586.8	0.0624816
17624.4	0.0620384
17661.9	0.0611
17699.4	0.0591183
17736.8	0.0568985
17774.1	0.0564798
17811.4	0.0549356
17848.6	0.0545567
17885.7	0.0527903
17922.8	0.0516717
17959.8	0.0521918
17996.8	0.0507824
18033.7	0.0479203
18070.6	0.0488865
18107.3	0.0498764
18144.1	0.0503823
18180.7	0.0495023
18217.3	0.050996
18253.9	0.0503122
18290.4	0.0502904
18326.8	0.0477791
18363.2	0.0484467
18399.5	0.0438206
18435.8	0.0429097
18472.0	0.043781
18508.1	0.0448153
18544.2	0.0439271
18580.2	0.0398912
18616.2	0.0386203
18652.1	0.040793
18688.0	0.0410633
18723.8	0.0388458
18759.5	0.040429
18795.2	0.0394195
18830.9	0.0432942
18866.5	0.0443274
18902.0	0.04507
18937.5	0.0463239
18972.9	0.0447606
19008.3	0.0458131
19043.6	0.0475033
19078.9	0.045823
19114.1	0.0448298
19149.2	0.0480295
19184.4	0.0447592
19219.4	0.0471404
19254.4	0.0462251
19289.4	0.0460692
19324.3	0.0452034
19359.2	0.0433814
19394.0	0.0430938
19428.7	0.0419855
19463.4	0.0421373
19498.1	0.0412641
19532.7	0.0417241
19567.3	0.0423413
19601.8	0.0422648
19636.2	0.0419942
19670.7	0.041973
19705.0	0.0420436
19739.3	0.0409125
19773.6	0.0402501
19807.8	0.0392171
19842.0	0.0399234
19876.1	0.0391181
19910.2	0.0405225
19944.3	0.0415573
19978.2	0.0425393
20012.2	0.04098
20046.1	0.039696
20079.9	0.0394417
20113.7	0.0405225
20147.5	0.0398551
20181.2	0.0394116
20214.8	0.041095
20248.5	0.0409229
20282.0	0.0417636
20315.6	0.0425308
20349.0	0.0433431
20382.5	0.0428588
20415.8	0.0432793
20449.2	0.0432975
20482.5	0.0437229
20515.7	0.0435851
20548.9	0.0443643
20582.1	0.0440764
20615.2	0.0451251
20648.3	0.0453012
20681.3	0.0451766
20714.3	0.0456202
20747.2	0.0453234
20780.1	0.0458794
20813.0	0.0463269
20845.8	0.0470135
20878.5	0.0480199
20911.2	0.0484733
20943.9	0.0487667
20976.5	0.0487104
21009.1	0.0492039
21041.6	0.0494742
21074.1	0.0497187
21106.5	0.0505913
21138.9	0.0511837
21171.3	0.050478
21203.6	0.0517956
21235.8	0.0522264
21268.0	0.0511967
21300.2	0.051932
21332.3	0.0525355
21364.4	0.0529055
21396.4	0.053333
21428.4	0.053432
21460.3	0.0533311
21492.2	0.0532749
21524.0	0.0535675
21555.8	0.0538669
21587.6	0.0532017
21619.3	0.0537409
21650.9	0.0538564
21682.5	0.0544614
21714.1	0.0540759
21745.6	0.0535538
21777.0	0.0535583
21808.4	0.0544227
21839.8	0.054095
21871.1	0.0544467
21902.4	0.0538443
21933.6	0.0532442
21964.8	0.0542096
21995.9	0.0533827
22026.9	0.0537172
22058.0	0.0531084
22088.9	0.0532093
22119.8	0.0534867
22150.7	0.0527986
22181.5	0.0531456
22212.3	0.0534185
22243.0	0.053755
22273.7	0.0538576
22304.3	0.0531466
22334.9	0.0535405
22365.4	0.0524005
22395.9	0.0522532
22426.3	0.0524366
22456.7	0.0528395
22487.0	0.0525889
22517.2	0.052824
22547.4	0.0516197
22577.6	0.0515457
22607.7	0.0515036
22637.8	0.0506989
22667.8	0.0508798
22697.7	0.0511995
22727.6	0.0507133
22757.5	0.0504146
22787.3	0.049627
22817.0	0.0498232
22846.7	0.0505428
22876.3	0.0502673
22905.9	0.0493688
22935.5	0.046419
22965.0	0.0436176
22994.4	0.0417668
23023.8	0.0423319
23053.1	0.0435956
23082.4	0.0431842
23111.6	0.0429548
23140.8	0.0426429
23169.9	0.0427319
23199.0	0.0414241
23228.0	0.0398379
23257.0	0.0387959
23285.9	0.0386745
23314.8	0.0392429
23343.6	0.0388576
23372.4	0.0391997
23401.1	0.0397602
23429.8	0.0391777
23458.4	0.0396648
23487.0	0.0398588
23515.5	0.0390935
23544.0	0.037233
23572.4	0.0357005
23600.8	0.0360692
23629.2	0.0365737
23657.5	0.0363238
23685.7	0.0372952
23713.9	0.0365547
23742.1	0.0377527
23770.3	0.0367813
23798.3	0.0364133
23826.4	0.0359787
23854.4	0.0347039
23882.4	0.0348902
23910.3	0.0352563
23938.2	0.0349581
23966.1	0.0343972
23993.9	0.0343526
24021.7	0.0348892
24049.5	0.0338928
24077.2	0.0333178
24104.9	0.0321361
24132.6	0.032158
24160.2	0.0320504
24187.8	0.0309078
24215.4	0.0313093
24243.0	0.0305729
24270.6	0.0301563
24298.1	0.0300395
24325.6	0.0295463
24353.1	0.0291963
24380.6	0.0280754
24408.1	0.0288153
24435.5	0.0283871
24463.0	0.0268919
24490.4	0.0272811
24517.9	0.0262548
24545.3	0.0261768
24572.7	0.026747
24600.2	0.0266458
24627.6	0.025664
24655.1	0.0269963
24682.5	0.0151864
24710.0	0.0243101
24737.5	0.0241386
24765.0	0.0240733
24792.5	0.0250779
24820.0	0.0240182
24847.6	0.0249956
24875.2	0.0247555
24902.8	0.0243958
24930.5	0.0233058
24958.2	0.0232986
24986.0	0.023539
25013.8	0.0226657
25041.6	0.0231643
25069.5	0.0233788
25097.5	0.0226384
25125.5	0.0228979
25153.6	0.0233145
25181.7	0.0228855
25209.9	0.0218956
25238.2	0.0225853
25266.6	0.0231073
25295.1	0.0218813
25323.6	0.0218445
25352.3	0.021395
25381.0	0.0203925
25409.9	0.0261912
25438.8	0.0228142
25467.9	0.0228307
25497.1	0.0170193
25526.5	0.0276406
25555.9	0.0369221
25585.5	0.0160079
33682.0	0.014127649252939608
46179.0	0.0053948155294931835
53650.0	0.0
