# Wavelength_(Angstrom)	Flux_(cgs)
6522.49	0.0366898
6544.58	-0.00522994
6566.56	0.0125212
6588.45	0.00774403
6610.26	0.000869543
6632.0	0.00069193
6653.67	-0.02674
6675.29	0.0238355
6696.86	0.00641166
6718.4	0.00522229
6739.9	-0.00776531
6761.39	0.0096832
6782.86	0.0153864
6804.33	0.00570486
6825.8	0.0104678
6847.28	-0.00630414
6868.78	-0.00426271
6890.3	-0.00140694
6911.86	0.0153902
6933.45	-0.00914158
6955.09	0.00827608
6976.78	0.00814767
6998.53	0.00304025
7020.35	0.00379804
7042.23	-0.00425547
7064.19	0.000548011
7086.23	0.00385478
7108.35	0.00805502
7130.57	0.0178121
7152.89	0.00819793
7175.3	0.0136542
7197.83	0.00269893
7220.46	0.00132651
7243.21	0.00731345
7266.08	0.0184769
7289.08	0.01689
7312.2	-0.0015568
7335.45	0.00645774
7358.85	0.0122394
7382.38	0.00785242
7406.05	0.001017
7429.87	0.00551797
7453.84	0.00366589
7477.97	0.00522899
7502.24	0.0077268
7526.68	0.00486642
7551.28	0.00443868
7576.05	0.00581164
7600.98	0.00221404
7626.08	0.0055919
7651.35	0.00528982
7676.79	-0.0056586
7702.42	-0.000575133
7728.21	-0.0044503
7754.19	6.21459e-05
7780.35	0.00217197
7806.69	0.00223695
7833.22	0.00501494
7859.93	0.000606746
7886.83	0.00487517
7913.92	0.00285448
7941.2	0.00257226
7968.67	0.00589719
7996.33	0.00781243
8024.19	0.00817195
8052.23	0.00957324
8080.47	0.0111723
8108.91	0.00876679
8137.54	0.0138197
8166.37	0.0098452
8195.39	0.0126672
8224.62	0.0137194
8254.03	0.0183574
8283.65	0.0139472
8313.46	0.0158424
8343.47	0.0175092
8373.67	0.0186851
8404.08	0.0164311
8434.68	0.0199787
8465.47	0.0193181
8496.47	0.0210196
8527.66	0.0213614
8559.04	0.0208536
8590.62	0.018587
8622.39	0.0187599
8654.36	0.0173843
8686.52	0.0129241
8718.87	0.0161635
8751.42	0.0173471
8784.15	0.0179125
8817.08	0.0205099
8850.19	0.0181426
8883.49	0.0220024
8916.98	0.0202418
8950.65	0.0219133
8984.51	0.021828
9018.56	0.0244669
9052.78	0.0254782
9087.19	0.0275898
9121.78	0.0283267
9156.54	0.029956
9191.48	0.0323423
9226.6	0.0343787
9261.9	0.035597
9297.36	0.0352508
9333.0	0.0340883
9368.8	0.0373316
9404.78	0.0387813
9440.92	0.0420331
9477.23	0.0445569
9513.7	0.0457392
9550.33	0.0440748
9587.12	0.0448045
9624.07	0.0467531
9661.18	0.04516
9698.44	0.046992
9735.86	0.0468976
9773.42	0.0489127
9811.14	0.051739
9849.0	0.0518665
9887.01	0.048656
9925.16	0.0444547
9963.46	0.0414342
10001.9	0.0389474
10040.5	0.0433196
10079.2	0.0417814
10118.0	0.0441288
10157.0	0.0440583
10196.1	0.0453841
10235.3	0.0467944
10274.7	0.0479284
10314.2	0.0503752
10353.8	0.0532937
10393.5	0.0524913
10433.3	0.0580507
10473.3	0.0585964
10513.3	0.0579937
10553.5	0.0578097
10593.8	0.0607121
10634.2	0.0613073
10674.7	0.0641993
10715.3	0.064614
10756.0	0.0655496
10796.8	0.0655674
10837.7	0.0679885
10878.7	0.0684907
10919.8	0.0716315
10961.0	0.0713178
11002.3	0.0728321
11043.6	0.0726097
11085.1	0.0719701
11126.6	0.0699654
11168.2	0.0722542
11209.9	0.0702626
11251.6	0.0726293
11293.4	0.0743786
11335.3	0.072363
11377.3	0.0681365
11419.3	0.0710036
11461.4	0.0700659
11503.6	0.0745875
11545.8	0.0772423
11588.1	0.077244
11630.5	0.0765665
11672.9	0.0728621
11715.3	0.0710711
11757.8	0.0682004
11800.4	0.0697535
11843.0	0.0736319
11885.6	0.0776056
11928.3	0.0786926
11971.0	0.0780852
12013.8	0.0741297
12056.6	0.0737933
12099.4	0.0790856
12142.3	0.0804314
12185.2	0.0836702
12228.2	0.084725
12271.1	0.0912243
12314.1	0.0900416
12357.2	0.0866906
12400.2	0.0851319
12443.3	0.0827016
12486.3	0.0822995
12529.4	0.0862493
12572.6	0.0882732
12615.7	0.0930558
12658.8	0.0984877
12702.0	0.0985156
12745.1	0.101912
12788.3	0.100892
12831.5	0.0988772
12874.7	0.1002
12917.8	0.0988789
12961.0	0.100742
13004.2	0.0987149
13047.4	0.0986387
13090.5	0.0982327
13133.7	0.101455
13176.9	0.100991
13220.0	0.102377
13263.2	0.0983276
13306.3	0.0938386
13349.4	0.0793662
13392.5	0.0659999
13435.6	0.0575403
13478.7	0.0548137
13521.8	0.051558
13564.8	0.0541279
13607.8	0.0489153
13650.8	0.0530505
13693.8	0.0529395
13736.7	0.0556109
13779.6	0.0544617
13822.5	0.0571965
13865.4	0.055479
13908.2	0.0547341
13951.0	0.0546775
13993.8	0.0543411
14036.5	0.0510297
14079.3	0.0504853
14121.9	0.0512734
14164.6	0.0496355
14207.2	0.0490855
14249.7	0.0468997
14292.2	0.0470842
14334.7	0.0474189
14377.2	0.0492874
14419.6	0.0486368
14461.9	0.0505375
14504.2	0.0524391
14546.5	0.0525701
14588.7	0.0561579
14630.9	0.0567697
14673.0	0.0592126
14715.1	0.0567327
14757.1	0.0574607
14799.1	0.0579193
14841.0	0.0604101
14882.9	0.0611981
14924.8	0.0625344
14966.5	0.0621202
15008.3	0.0646105
15049.9	0.0653176
15091.5	0.0672597
15133.1	0.0676561
15174.6	0.0714109
15216.1	0.0719057
15257.5	0.074356
15298.8	0.0756453
15340.1	0.0763041
15381.3	0.0773593
15422.5	0.080901
15463.6	0.0804532
15504.6	0.0824766
15545.6	0.0826328
15586.5	0.0843168
15627.4	0.0846389
15668.2	0.0869351
15708.9	0.0857298
15749.6	0.0892166
15790.2	0.0893937
15830.8	0.0884759
15871.3	0.0859173
15911.7	0.0864965
15952.1	0.086969
15992.4	0.0891265
16032.6	0.0895708
16072.8	0.0895917
16112.9	0.0879677
16152.9	0.0887862
16192.9	0.0887218
16232.8	0.0895982
16272.7	0.0895194
16312.5	0.0897379
16352.2	0.0895664
16391.9	0.09123
16431.5	0.0890747
16471.0	0.0923914
16510.4	0.0943025
16549.8	0.0942098
16589.2	0.0944814
16628.4	0.0943943
16667.6	0.0946554
16706.8	0.0936811
16745.8	0.0939252
16784.8	0.0954913
16823.8	0.0934435
16862.6	0.0960883
16901.4	0.0951584
16940.2	0.0935676
16978.9	0.0939544
17017.5	0.0936363
17056.0	0.0919232
17094.5	0.0923579
17132.9	0.0904515
17171.2	0.0897178
17209.5	0.0874468
17247.7	0.0843756
17285.9	0.0833038
17324.0	0.0820815
17362.0	0.0801869
17400.0	0.0791478
17437.9	0.076748
17475.7	0.0749056
17513.5	0.0738564
17551.2	0.0706055
17588.8	0.0699528
17626.4	0.0667901
17663.9	0.0656375
17701.4	0.0632346
17738.8	0.0614675
17776.1	0.0604914
17813.4	0.0581108
17850.6	0.0564316
17887.7	0.0554007
17924.8	0.056405
17961.8	0.0542193
17998.8	0.0554925
18035.7	0.0529421
18072.5	0.0520601
18109.3	0.0518591
18146.0	0.0522772
18182.7	0.0536967
18219.3	0.0549878
18255.8	0.0551957
18292.3	0.0570795
18328.8	0.0555273
18365.1	0.0522442
18401.4	0.0517224
18437.7	0.0476356
18473.9	0.0492965
18510.0	0.0519022
18546.1	0.0481691
18582.1	0.0486273
18618.1	0.0437376
18654.0	0.0453132
18689.9	0.0457079
18725.7	0.0463885
18761.4	0.046053
18797.1	0.0493422
18832.8	0.0508282
18868.4	0.049756
18903.9	0.0492708
18939.4	0.0521445
18974.8	0.0497351
19010.2	0.053396
19045.5	0.0498
19080.7	0.0542402
19116.0	0.0575481
19151.1	0.0592817
19186.2	0.05405
19221.3	0.0562984
19256.3	0.0541257
19291.3	0.0561718
19326.2	0.050635
19361.0	0.0498378
19395.8	0.050078
19430.6	0.0483562
19465.3	0.0469698
19500.0	0.0483592
19534.6	0.0461883
19569.1	0.0460791
19603.6	0.0454394
19638.1	0.0465233
19672.5	0.0461744
19706.9	0.0468136
19741.2	0.0479828
19775.4	0.0464951
19809.7	0.0461374
19843.8	0.0463919
19878.0	0.0464207
19912.0	0.0469763
19946.1	0.0459646
19980.1	0.0478658
20014.0	0.0486133
20047.9	0.0467161
20081.7	0.0486495
20115.5	0.0498544
20149.3	0.0501929
20183.0	0.0517055
20216.6	0.05295
20250.3	0.0510863
20283.8	0.0501372
20317.3	0.0508052
20350.8	0.050766
20384.2	0.0520001
20417.6	0.052178
20451.0	0.0536214
20484.3	0.0539047
20517.5	0.0557632
20550.7	0.0539552
20583.9	0.0557545
20617.0	0.0558859
20650.1	0.0576804
20683.1	0.0561631
20716.1	0.0582187
20749.0	0.0582996
20781.9	0.0590772
20814.7	0.0586229
20847.5	0.0595237
20880.3	0.0598474
20913.0	0.0593879
20945.6	0.0604514
20978.3	0.0606076
21010.8	0.0612116
21043.4	0.061276
21075.8	0.0615153
21108.3	0.0621676
21140.7	0.0615937
21173.0	0.0620427
21205.3	0.0622916
21237.5	0.0625131
21269.8	0.0621637
21301.9	0.063155
21334.0	0.0622394
21366.1	0.0623443
21398.1	0.0632907
21430.1	0.0632163
21462.0	0.06352
21493.9	0.0631872
21525.7	0.064054
21557.5	0.063537
21589.3	0.0630366
21621.0	0.06243
21652.6	0.0625392
21684.2	0.0642646
21715.7	0.0621663
21747.3	0.062799
21778.7	0.0616463
21810.1	0.0618212
21841.5	0.0624326
21872.8	0.0619413
21904.0	0.0616472
21935.3	0.0628108
21966.4	0.0621711
21997.5	0.0611463
22028.6	0.060478
22059.6	0.0609549
22090.6	0.0585807
22121.5	0.0598122
22152.4	0.0601438
22183.2	0.0613961
22214.0	0.0598496
22244.7	0.0599706
22275.3	0.0590616
22306.0	0.0581956
22336.5	0.0590398
22367.0	0.0597704
22397.5	0.058733
22427.9	0.0582674
22458.3	0.0577104
22488.6	0.0578501
22518.8	0.058005
22549.1	0.057257
22579.2	0.0573828
22609.3	0.0567866
22639.4	0.0575899
22669.4	0.0565952
22699.3	0.055513
22729.2	0.0558424
22759.1	0.0555774
22788.9	0.0563171
22818.6	0.0545208
22848.3	0.0558689
22877.9	0.0552615
22907.5	0.0558446
22937.0	0.052564
22966.5	0.0479911
22996.0	0.0449751
23025.3	0.0417945
23054.7	0.0436188
23083.9	0.0432557
23113.2	0.043959
23142.3	0.0437811
23171.5	0.04317
23200.5	0.0441314
23229.5	0.0433551
23258.5	0.0419192
23287.4	0.0408782
23316.3	0.0410005
23345.1	0.0415039
23373.9	0.0430141
23402.6	0.042846
23431.3	0.0411583
23459.9	0.0423629
23488.5	0.0424372
23517.0	0.0446244
23545.5	0.0413652
23573.9	0.040555
23602.3	0.0402294
23630.7	0.0401071
23659.0	0.0406902
23687.2	0.0419962
23715.5	0.0406379
23743.6	0.0423925
23771.8	0.0408931
23799.9	0.042434
23827.9	0.0406569
23855.9	0.0403148
23883.9	0.0415896
23911.8	0.0395735
23939.7	0.0390349
23967.6	0.0397191
23995.4	0.0399859
24023.2	0.039795
24051.0	0.0404551
24078.7	0.0390207
24106.4	0.0383328
24134.1	0.0379871
24161.7	0.0389921
24189.3	0.0377225
24216.9	0.0358933
24244.5	0.0376568
24272.0	0.0362806
24299.6	0.0371932
24327.1	0.0365248
24354.6	0.0375313
24382.1	0.0358813
24409.5	0.0344596
24437.0	0.035717
24464.4	0.0333788
24491.9	0.034966
24519.3	0.032343
24546.8	0.030353
24574.2	0.0325827
24601.6	0.0334656
24629.1	0.0348848
24656.5	0.0342134
24684.0	0.0315398
24711.5	0.0315648
24738.9	0.031979
24766.4	0.0293414
24794.0	0.0303242
24821.5	0.0316716
24849.1	0.0295753
24876.7	0.0303948
24904.3	0.0241744
24932.0	0.0253505
24959.7	0.0302096
24987.5	0.0276677
25015.3	0.0290031
25043.1	0.0265393
25071.0	0.0255681
25099.0	0.0290887
25127.0	0.0282814
25155.1	0.0267194
25183.2	0.0267373
25211.4	0.021807
25239.7	0.0242021
25268.1	0.0256731
25296.6	0.0274029
25325.1	0.0365022
25353.8	0.032074
25382.6	0.0223303
25411.4	0.0264869
25440.4	0.0251642
25469.5	0.0281264
25498.7	0.0479323
25528.0	0.0297652
25557.5	0.0103149
25587.1	0.0208087
25616.8	0.0229398
33682.0	0.021817849602852418
46179.0	0.008968475757685208
53650.0	0.0
