# Wavelength_(Angstrom)	Flux_(cgs)
6483.31	-0.00249775
6505.6	0.0134233
6527.77	-0.00435916
6549.84	-0.00078204
6571.8	0.00580341
6593.67	0.00571842
6615.46	0.00491032
6637.18	0.00130551
6658.84	0.00282425
6680.45	0.00052488
6702.01	-0.00443056
6723.54	0.000142663
6745.04	0.00647028
6766.52	0.00412981
6787.99	0.00276175
6809.46	0.00014182
6830.93	0.0106255
6852.41	0.00623478
6873.92	0.00987419
6895.45	0.00503771
6917.01	0.00685164
6938.62	0.00503182
6960.27	0.00314132
6981.97	0.00134424
7003.74	0.00502023
7025.57	0.00593341
7047.47	0.0047203
7069.44	0.00951576
7091.5	0.0105039
7113.65	0.00772718
7135.89	0.00568832
7158.23	0.0040652
7180.67	0.00547641
7203.22	0.00758678
7225.88	0.00913352
7248.66	0.00417947
7271.56	0.00709764
7294.59	0.00904481
7317.74	0.0102243
7341.03	0.00699124
7364.45	0.00916146
7388.02	0.010738
7411.73	0.00920496
7435.58	0.00940803
7459.59	0.00786961
7483.75	0.00604076
7508.07	0.0105029
7532.54	0.00965786
7557.18	0.0101165
7581.99	0.00699881
7606.96	0.0050156
7632.1	0.00662872
7657.41	0.00516883
7682.9	0.00210598
7708.56	0.00377417
7734.4	0.00545075
7760.42	0.00835587
7786.63	0.00935505
7813.01	0.00934091
7839.58	0.00828401
7866.34	0.0110342
7893.29	0.0104499
7920.42	0.0110374
7947.74	0.0101498
7975.26	0.0126242
8002.97	0.0138028
8030.87	0.0171456
8058.96	0.0189308
8087.25	0.0200522
8115.73	0.0222623
8144.41	0.0244188
8173.28	0.0265017
8202.36	0.0262654
8231.62	0.0270743
8261.09	0.0279397
8290.75	0.0257973
8320.61	0.0282626
8350.66	0.0276452
8380.92	0.0270015
8411.37	0.0251676
8442.01	0.0238423
8472.86	0.0208884
8503.9	0.0216931
8535.13	0.0227217
8566.56	0.0225873
8598.19	0.0225695
8630.01	0.0210257
8662.02	0.0180379
8694.23	0.0196388
8726.63	0.0210299
8759.22	0.0228755
8792.0	0.0269295
8824.97	0.0285275
8858.13	0.0276146
8891.47	0.0284098
8925.01	0.0277984
8958.72	0.034034
8992.63	0.0345035
9026.72	0.0365762
9060.98	0.039916
9095.43	0.0425238
9130.06	0.045618
9164.87	0.0507651
9199.86	0.0498491
9235.02	0.0500731
9270.35	0.0482756
9305.86	0.0471892
9341.53	0.0488039
9377.38	0.0510796
9413.4	0.0529804
9449.58	0.0574082
9485.92	0.0595498
9522.43	0.0605283
9559.1	0.059585
9595.93	0.059187
9632.92	0.0593217
9670.07	0.0614074
9707.37	0.065216
9744.82	0.0656752
9782.42	0.0660606
9820.17	0.068678
9858.07	0.0622678
9896.11	0.0534449
9934.3	0.0468195
9972.62	0.046421
10011.1	0.0502104
10049.7	0.0534661
10088.4	0.0568116
10127.3	0.0587982
10166.3	0.0599531
10205.4	0.0602002
10244.7	0.0593076
10284.1	0.0608346
10323.6	0.0617345
10363.2	0.0666722
10403.0	0.0698797
10442.9	0.0708398
10482.8	0.0710526
10522.9	0.0691701
10563.1	0.0672028
10603.5	0.0678892
10643.9	0.0699322
10684.4	0.0739236
10725.0	0.0769583
10765.8	0.080055
10806.6	0.0830726
10847.5	0.0869519
10888.5	0.0903717
10929.6	0.0907789
10970.8	0.0900276
11012.1	0.0905855
11053.5	0.0897914
11095.0	0.0876324
11136.5	0.0891168
11178.1	0.090041
11219.8	0.0911152
11261.6	0.0908199
11303.4	0.0894187
11345.3	0.0845673
11387.3	0.0815195
11429.4	0.0858124
11471.5	0.0910154
11513.7	0.0952624
11555.9	0.0964904
11598.2	0.0939826
11640.6	0.0909525
11683.0	0.0872313
11725.5	0.082563
11768.0	0.0837006
11810.5	0.0838441
11853.1	0.0867446
11895.8	0.0862245
11938.5	0.0820176
11981.2	0.0787834
12024.0	0.0788016
12066.8	0.0817399
12109.7	0.0860181
12152.6	0.0882545
12195.5	0.0914975
12238.4	0.0941113
12281.4	0.0941666
12324.4	0.0919036
12367.4	0.0873801
12410.5	0.0844136
12453.5	0.081929
12496.6	0.0844536
12539.7	0.0882689
12582.9	0.0919435
12626.0	0.0967117
12669.1	0.0985381
12712.3	0.101647
12755.4	0.102731
12798.6	0.101892
12841.8	0.0994174
12885.0	0.0992445
12928.1	0.0999577
12971.3	0.0994042
13014.5	0.098892
13057.7	0.0986105
13100.9	0.0985248
13144.0	0.0996783
13187.2	0.100131
13230.3	0.0992469
13273.5	0.0931019
13316.6	0.0832767
13359.7	0.0744028
13402.8	0.0684906
13445.9	0.0641081
13489.0	0.060445
13532.0	0.0591065
13575.1	0.0585503
13618.1	0.059774
13661.1	0.0622564
13704.0	0.0605712
13747.0	0.0599952
13789.9	0.0600241
13832.8	0.0616961
13875.6	0.0623347
13918.5	0.0614018
13961.3	0.0576891
14004.0	0.0559104
14046.7	0.0545781
14089.4	0.0551257
14132.1	0.0549497
14174.7	0.0544391
14217.3	0.0537397
14259.9	0.0533206
14302.4	0.0525645
14344.9	0.0524869
14387.3	0.0529406
14429.7	0.0544094
14472.0	0.0551664
14514.3	0.0562466
14556.6	0.0572923
14598.8	0.0568534
14641.0	0.0564026
14683.1	0.0560976
14725.1	0.0562496
14767.2	0.0564442
14809.1	0.0561769
14851.1	0.0571944
14892.9	0.0580791
14934.7	0.0593724
14976.5	0.0601748
15018.2	0.0605254
15059.9	0.0614199
15101.5	0.0625338
15143.0	0.0625709
15184.5	0.0644462
15226.0	0.064759
15267.3	0.0658913
15308.7	0.0668223
15349.9	0.0678846
15391.1	0.0680445
15432.3	0.0688979
15473.4	0.0688184
15514.4	0.0707751
15555.4	0.0703229
15596.3	0.0714959
15637.1	0.0716226
15677.9	0.0715881
15718.7	0.0716917
15759.3	0.0721759
15799.9	0.0714281
15840.5	0.0698113
15880.9	0.0692974
15921.4	0.069008
15961.7	0.0711764
16002.0	0.0719566
16042.2	0.0718876
16082.4	0.070686
16122.5	0.0697206
16162.5	0.06936
16202.5	0.0708247
16242.4	0.0703337
16282.2	0.0693125
16322.0	0.0700854
16361.7	0.0709265
16401.3	0.0713806
16440.9	0.0729256
16480.4	0.0742925
16519.9	0.0747274
16559.2	0.073347
16598.6	0.0739651
16637.8	0.0739035
16677.0	0.0734449
16716.1	0.0738069
16755.2	0.0740693
16794.1	0.073952
16833.1	0.0743113
16871.9	0.074154
16910.7	0.0736426
16949.4	0.073674
16988.1	0.0729909
17026.7	0.0728497
17065.2	0.0725083
17103.7	0.0718597
17142.1	0.0701705
17180.4	0.0690174
17218.7	0.0671671
17256.9	0.0666589
17295.0	0.0664339
17333.1	0.0650208
17371.1	0.0626797
17409.0	0.0621473
17446.9	0.06122
17484.7	0.0602087
17522.5	0.0587964
17560.2	0.0572579
17597.8	0.0560284
17635.4	0.0557302
17672.9	0.0545783
17710.3	0.052768
17747.7	0.0518165
17785.0	0.0511027
17822.3	0.0491838
17859.4	0.0482641
17896.6	0.0478467
17933.6	0.0471438
17970.7	0.0468147
18007.6	0.0459001
18044.5	0.0450221
18081.3	0.0449162
18118.1	0.0450618
18154.8	0.0445533
18191.4	0.044452
18228.0	0.0443656
18264.6	0.0440612
18301.0	0.0437997
18337.4	0.0429278
18373.8	0.0429952
18410.1	0.0417172
18446.3	0.0410284
18482.5	0.0413054
18518.6	0.0406116
18554.7	0.0386563
18590.7	0.0375175
18626.7	0.037347
18662.6	0.0384419
18698.4	0.0388928
18734.2	0.0403563
18770.0	0.0396579
18805.6	0.0401681
18841.3	0.0400694
18876.8	0.0404217
18912.4	0.0400539
18947.8	0.0399695
18983.2	0.0408727
19018.6	0.0416283
19053.9	0.042263
19089.2	0.0432683
19124.4	0.042216
19159.5	0.0419416
19194.6	0.0416385
19229.7	0.0412194
19264.7	0.0399479
19299.6	0.0397481
19334.5	0.0390754
19369.3	0.0391904
19404.1	0.0380926
19438.9	0.0368767
19473.6	0.0361694
19508.2	0.0356801
19542.8	0.0375428
19577.4	0.038428
19611.9	0.0385461
19646.3	0.0387527
19680.7	0.0382889
19715.1	0.0368241
19749.4	0.0348221
19783.6	0.0339612
19817.8	0.033721
19852.0	0.0340778
19886.1	0.0342639
19920.2	0.0348647
19954.2	0.0350789
19988.2	0.0355001
20022.1	0.0360947
20056.0	0.0361935
20089.8	0.0364378
20123.6	0.0361125
20157.3	0.0363696
20191.0	0.0366848
20224.7	0.0365285
20258.3	0.0361117
20291.8	0.0361885
20325.3	0.036654
20358.8	0.0372244
20392.2	0.0371533
20425.6	0.0378158
20458.9	0.0371781
20492.2	0.0367159
20525.5	0.0372566
20558.6	0.0381251
20591.8	0.038344
20624.9	0.0377247
20658.0	0.03868
20691.0	0.0387146
20723.9	0.0390005
20756.9	0.0390647
20789.7	0.0392093
20822.6	0.0396494
20855.3	0.0396713
20888.1	0.0405577
20920.8	0.0401771
20953.4	0.040679
20986.0	0.0405889
21018.6	0.0410331
21051.1	0.0410628
21083.6	0.0417358
21116.0	0.0415807
21148.4	0.0417098
21180.7	0.0421733
21213.0	0.0418718
21245.2	0.0424793
21277.4	0.0425282
21309.6	0.0426159
21341.7	0.0430705
21373.7	0.0433023
21405.8	0.0432795
21437.7	0.0436646
21469.6	0.0439264
21501.5	0.043711
21533.3	0.0432801
21565.1	0.0437906
21596.8	0.0438155
21628.5	0.0443347
21660.1	0.0441937
21691.7	0.0442524
21723.3	0.0435634
21754.8	0.0435801
21786.2	0.0432946
21817.6	0.0434938
21849.0	0.0439119
21880.3	0.0436974
21911.5	0.043322
21942.7	0.0432759
21973.9	0.0435855
22005.0	0.0430257
22036.0	0.042795
22067.0	0.0415447
22098.0	0.0423128
22128.9	0.0427485
22159.7	0.0426268
22190.5	0.0429675
22221.3	0.0431228
22252.0	0.0429338
22282.7	0.0428834
22313.3	0.0425169
22343.8	0.0425736
22374.3	0.0425285
22404.8	0.0424727
22435.2	0.0422338
22465.5	0.042067
22495.8	0.0423501
22526.1	0.0422801
22556.3	0.04181
22586.4	0.0414507
22616.5	0.0408916
22646.5	0.0409514
22676.5	0.0409304
22706.5	0.040551
22736.4	0.0402079
22766.2	0.0406467
22796.0	0.0402874
22825.7	0.040125
22855.4	0.040508
22885.0	0.04044
22914.6	0.0384416
22944.1	0.0349639
22973.6	0.0327491
23003.0	0.0325567
23032.3	0.0342198
23061.7	0.0342153
23090.9	0.0347073
23120.1	0.0336161
23149.3	0.0341396
23178.4	0.033495
23207.5	0.0323997
23236.5	0.0308407
23265.4	0.0301469
23294.3	0.0300156
23323.2	0.0307279
23352.0	0.0312804
23380.8	0.0308924
23409.5	0.03079
23438.1	0.0309646
23466.7	0.0319178
23495.3	0.0311234
23523.8	0.0297113
23552.3	0.0291866
23580.7	0.0287705
23609.1	0.029289
23637.4	0.0289875
23665.7	0.0290438
23694.0	0.0290097
23722.2	0.0295605
23750.4	0.0296491
23778.5	0.0287879
23806.6	0.0283263
23834.6	0.0271418
23862.6	0.0270803
23890.6	0.027623
23918.5	0.0274167
23946.4	0.0270743
23974.2	0.0269892
24002.0	0.02684
24029.8	0.0263734
24057.6	0.0252483
24085.3	0.0251861
24113.0	0.0244445
24140.7	0.0244946
24168.3	0.0243175
24195.9	0.0239491
24223.5	0.0241094
24251.1	0.0236734
24278.6	0.0235325
24306.1	0.0233426
24333.6	0.023152
24361.1	0.0223219
24388.6	0.0226465
24416.1	0.0217926
24443.5	0.0216373
24471.0	0.0218004
24498.4	0.0211052
24525.9	0.020475
24553.3	0.0206203
24580.7	0.0211588
24608.2	0.0209749
24635.6	0.0197042
24663.1	0.0203173
24690.5	0.0196374
24718.0	0.0189591
24745.5	0.0192662
24773.0	0.018761
24800.5	0.0188474
24828.1	0.019614
24855.7	0.0189859
24883.3	0.0176971
24910.9	0.0175689
24938.6	0.017731
24966.3	0.0175068
24994.1	0.0178953
25021.9	0.0175557
25049.8	0.0172744
25077.7	0.016936
25105.6	0.016864
25133.7	0.0172685
25161.8	0.0157396
25189.9	0.0175578
25218.2	0.0170505
25246.5	0.0163347
25274.9	0.0157173
25303.4	0.0159064
25332.0	0.0157422
25360.7	0.0158249
25389.4	0.0157216
25418.3	0.0156909
25447.3	0.0146798
25476.4	0.0168475
25505.7	0.0140968
25535.1	0.0158454
25564.6	0.0160083
33682.0	0.010729622006835552
46179.0	0.004097237296291437
53650.0	0.0
