# Wavelength_(Angstrom)	Flux_(cgs)
6580.47	0.00548478
6602.31	0.00545269
6624.07	0.00482447
6645.77	0.00470898
6667.41	0.00331555
6688.99	0.00524358
6710.54	0.00366635
6732.05	0.00549012
6753.55	0.00440127
6775.02	0.00256619
6796.49	0.00205693
6817.96	0.00259926
6839.44	0.00104135
6860.93	0.00288912
6882.44	0.00271675
6903.99	0.0045449
6925.57	0.00313646
6947.19	0.00298648
6968.86	0.00413482
6990.59	0.00368646
7012.38	0.00353621
7034.23	0.00445695
7056.16	0.00666086
7078.17	0.00775296
7100.27	0.00557694
7122.45	0.00643625
7144.73	0.00442092
7167.11	0.00640144
7189.59	0.00702245
7212.19	0.00758148
7234.89	0.00661231
7257.72	0.00740109
7280.67	0.00908631
7303.74	0.00922886
7326.95	0.010412
7350.29	0.00985735
7373.77	0.0105918
7397.39	0.0100326
7421.16	0.0108908
7445.07	0.00893355
7469.14	0.00911265
7493.36	0.00970978
7517.74	0.00967495
7542.28	0.00991765
7566.99	0.0101184
7591.86	0.0090216
7616.9	0.00763943
7642.1	0.00468563
7667.49	0.00278197
7693.04	0.0035143
7718.78	0.00510249
7744.69	0.00681528
7770.78	0.00740296
7797.06	0.00893937
7823.52	0.0100745
7850.16	0.0103747
7876.99	0.010394
7904.01	0.0105056
7931.22	0.0112709
7958.62	0.0108059
7986.21	0.0125616
8014.0	0.0143867
8041.97	0.0164498
8070.14	0.0192341
8098.51	0.0217739
8127.07	0.0242447
8155.82	0.0250687
8184.78	0.0256213
8213.93	0.0269773
8243.27	0.0273235
8272.81	0.028179
8302.55	0.0285694
8332.49	0.0284769
8362.62	0.0296131
8392.96	0.0279585
8423.48	0.0270496
8454.21	0.0245934
8485.13	0.022782
8516.25	0.0218004
8547.56	0.0240878
8579.07	0.0237714
8610.77	0.0232992
8642.67	0.0223357
8674.76	0.0215717
8707.04	0.0217415
8739.51	0.0218715
8772.18	0.0251983
8805.03	0.0281183
8838.08	0.0293965
8871.31	0.0307678
8904.73	0.0307484
8938.34	0.0334468
8972.13	0.0364425
9006.11	0.0380665
9040.27	0.0396849
9074.61	0.0426668
9109.13	0.0475161
9143.83	0.0512425
9178.71	0.0534866
9213.76	0.0538192
9248.99	0.0516319
9284.39	0.0506324
9319.97	0.0512165
9355.71	0.0530918
9391.63	0.0557147
9427.71	0.0583897
9463.96	0.0615109
9500.37	0.0643412
9536.94	0.0649687
9573.67	0.0632682
9610.57	0.063295
9647.62	0.0640128
9684.82	0.0672023
9722.18	0.0693744
9759.69	0.0712897
9797.35	0.0733361
9835.16	0.0733652
9873.12	0.0653276
9911.22	0.0571028
9949.46	0.050437
9987.84	0.0491228
10026.4	0.0523185
10065.0	0.0555786
10103.8	0.0589605
10142.7	0.0631471
10181.8	0.0636145
10221.0	0.0638416
10260.3	0.0627318
10299.7	0.0646593
10339.3	0.0679316
10379.0	0.0721353
10418.8	0.0750512
10458.7	0.076085
10498.7	0.0755191
10538.8	0.0734701
10579.1	0.0721503
10619.4	0.0743147
10659.9	0.0761891
10700.5	0.0802284
10741.2	0.0841489
10781.9	0.0856755
10822.8	0.0892405
10863.7	0.0922311
10904.8	0.0940309
10946.0	0.0931719
10987.2	0.0917948
11028.5	0.0918935
11069.9	0.0913752
11111.4	0.0908625
11153.0	0.0906976
11194.6	0.0927623
11236.4	0.0934738
11278.2	0.0946541
11320.0	0.0899326
11362.0	0.0845879
11404.0	0.0827247
11446.1	0.0875616
11488.2	0.0923037
11530.4	0.0959101
11572.7	0.0966858
11615.0	0.0952012
11657.4	0.0902278
11699.8	0.0867994
11742.3	0.0823408
11784.8	0.0836119
11827.4	0.0844389
11870.0	0.0884851
11912.7	0.0863234
11955.4	0.082436
11998.2	0.0795957
12041.0	0.0799955
12083.8	0.0828075
12126.7	0.0872416
12169.6	0.0894136
12212.5	0.092609
12255.5	0.0952115
12298.4	0.0954805
12341.4	0.0925465
12384.5	0.0867812
12427.5	0.0840594
12470.6	0.0829307
12513.7	0.0849881
12556.8	0.0904831
12599.9	0.0952179
12643.1	0.0992865
12686.2	0.100321
12729.4	0.101608
12772.5	0.10341
12815.7	0.100848
12858.9	0.0991798
12902.1	0.0988009
12945.3	0.0996809
12988.4	0.0991936
13031.6	0.0990422
13074.8	0.098629
13118.0	0.0984038
13161.1	0.0985017
13204.3	0.0982262
13247.4	0.0963536
13290.6	0.0884821
13333.7	0.0771817
13376.8	0.0667479
13419.9	0.0615143
13463.0	0.0590084
13506.0	0.0568964
13549.1	0.0566257
13592.1	0.0548708
13635.1	0.0536736
13678.1	0.0533766
13721.0	0.0527892
13764.0	0.0529209
13806.9	0.0531934
13849.7	0.0547534
13892.6	0.0555032
13935.4	0.0553421
13978.2	0.0515232
14020.9	0.0490895
14063.7	0.0490076
14106.3	0.0479608
14149.0	0.0474357
14191.6	0.0469386
14234.2	0.0459414
14276.7	0.0457758
14319.2	0.0453607
14361.7	0.0459308
14404.1	0.0461264
14446.5	0.0471828
14488.8	0.0478789
14531.1	0.0487951
14573.3	0.0493113
14615.5	0.0497226
14657.6	0.0491989
14699.7	0.0489162
14741.8	0.048585
14783.8	0.0493983
14825.7	0.0499491
14867.6	0.0499636
14909.5	0.0509552
14951.3	0.0518541
14993.0	0.0526783
15034.7	0.053268
15076.4	0.0538043
15117.9	0.0549742
15159.5	0.0551241
15200.9	0.0564598
15242.4	0.0570972
15283.7	0.058061
15325.0	0.0583381
15366.3	0.059153
15407.4	0.0599744
15448.6	0.0608611
15489.6	0.0614449
15530.6	0.0625404
15571.6	0.0630314
15612.5	0.0630969
15653.3	0.0640228
15694.1	0.064806
15734.8	0.0649978
15775.4	0.0654247
15816.0	0.0653145
15856.5	0.0641743
15897.0	0.0638491
15937.3	0.0642219
15977.7	0.0654794
16017.9	0.0667147
16058.1	0.0663022
16098.3	0.0651552
16138.3	0.0641121
16178.3	0.0646236
16218.3	0.0651633
16258.2	0.0650372
16298.0	0.0646844
16337.7	0.064956
16377.4	0.0658969
16417.0	0.0668154
16456.6	0.0672882
16496.0	0.068397
16535.5	0.0684877
16574.8	0.0687497
16614.1	0.068935
16653.3	0.0683337
16692.5	0.0686497
16731.6	0.0684269
16770.6	0.0689142
16809.6	0.0693699
16848.5	0.0689342
16887.3	0.0690954
16926.0	0.0684877
16964.7	0.0678353
17003.4	0.067819
17041.9	0.0675739
17080.4	0.06687
17118.9	0.0653768
17157.3	0.063621
17195.6	0.0622899
17233.8	0.0611472
17272.0	0.0600759
17310.1	0.0590961
17348.1	0.0583935
17386.1	0.0559978
17424.0	0.0552938
17461.9	0.054186
17499.7	0.0530195
17537.4	0.0512947
17575.1	0.0500051
17612.7	0.0493685
17650.2	0.0484133
17687.7	0.0469923
17725.1	0.045829
17762.5	0.0444448
17799.8	0.0436582
17837.0	0.0428542
17874.2	0.0421306
17911.3	0.0406623
17948.3	0.0409452
17985.3	0.040624
18022.2	0.0400411
18059.1	0.0384421
18095.9	0.0386495
18132.6	0.0391036
18169.3	0.0389174
18205.9	0.0380097
18242.5	0.0379795
18279.0	0.0386336
18315.5	0.0388138
18351.9	0.0376064
18388.2	0.0355301
18424.5	0.0344441
18460.7	0.0345793
18496.8	0.0350892
18532.9	0.0324979
18569.0	0.0318282
18605.0	0.0300259
18640.9	0.0313646
18676.8	0.0337691
18712.6	0.0332318
18748.4	0.0303747
18784.1	0.0321873
18819.8	0.033484
18855.4	0.0347021
18890.9	0.0344631
18926.4	0.0350121
18961.9	0.0340723
18997.3	0.0352493
19032.6	0.0345378
19067.9	0.0355348
19103.1	0.0359209
19138.3	0.0365155
19173.4	0.0355129
19208.5	0.0363985
19243.5	0.0356256
19278.5	0.0348439
19313.4	0.0342116
19348.3	0.0339879
19383.1	0.0338918
19417.9	0.0325515
19452.6	0.0313377
19487.3	0.031181
19521.9	0.0317954
19556.5	0.0319209
19591.0	0.0317222
19625.5	0.0323005
19659.9	0.0320621
19694.3	0.0318318
19728.7	0.0308317
19762.9	0.0296522
19797.2	0.0290593
19831.4	0.0288758
19865.5	0.0294517
19899.6	0.0293043
19933.7	0.0301311
19967.7	0.0314942
20001.6	0.0315412
20035.5	0.0296355
20069.4	0.0291196
20103.2	0.0299121
20137.0	0.0298404
20170.7	0.0295074
20204.4	0.0300796
20238.0	0.030192
20271.6	0.0303824
20305.1	0.0306158
20338.6	0.0311544
20372.1	0.0316407
20405.5	0.0317031
20438.8	0.0317904
20472.1	0.0323781
20505.4	0.0325456
20538.6	0.032449
20571.8	0.0322398
20604.9	0.032498
20638.0	0.0329377
20671.0	0.032432
20704.0	0.0327049
20737.0	0.0331515
20769.9	0.0333142
20802.7	0.0338223
20835.6	0.0341965
20868.3	0.0342702
20901.0	0.0350516
20933.7	0.0350132
20966.4	0.035254
20998.9	0.0354963
21031.5	0.0358523
21064.0	0.0361158
21096.4	0.0364087
21128.8	0.0369236
21161.2	0.0367229
21193.5	0.0368295
21225.8	0.0370351
21258.0	0.0374183
21290.2	0.0375913
21322.3	0.0373678
21354.4	0.0378754
21386.4	0.0378671
21418.4	0.0378851
21450.4	0.0382132
21482.3	0.0388392
21514.1	0.0387108
21545.9	0.038296
21577.7	0.0382152
21609.4	0.0380797
21641.1	0.0385771
21672.7	0.0386493
21704.2	0.0384558
21735.8	0.0387461
21767.2	0.038557
21798.7	0.0387851
21830.0	0.0391424
21861.4	0.0393429
21892.6	0.0387854
21923.9	0.0386836
21955.0	0.0386645
21986.2	0.0391168
22017.3	0.0385896
22048.3	0.0381139
22079.3	0.0380001
22110.2	0.0381713
22141.1	0.0386526
22171.9	0.0386289
22202.7	0.0382129
22233.5	0.0382753
22264.2	0.0384282
22294.8	0.0387706
22325.4	0.0382426
22355.9	0.0377947
22386.4	0.0377468
22416.8	0.0380892
22447.2	0.0379326
22477.5	0.0378314
22507.8	0.0375947
22538.0	0.0375835
22568.2	0.0373281
22598.3	0.0372389
22628.4	0.0372594
22658.4	0.0366033
22688.4	0.0363823
22718.3	0.0362853
22748.2	0.0362897
22778.0	0.0361484
22807.7	0.0356706
22837.5	0.0356618
22867.1	0.0357852
22896.7	0.0359385
22926.3	0.0340233
22955.8	0.0310912
22985.2	0.0296427
23014.6	0.0297761
23044.0	0.0305802
23073.3	0.0309348
23102.5	0.0310058
23131.7	0.0308454
23160.8	0.0307796
23189.9	0.0302112
23219.0	0.0289613
23247.9	0.0278939
23276.9	0.0269244
23305.8	0.0273224
23334.6	0.0273986
23363.4	0.0277205
23392.1	0.028022
23420.8	0.0278823
23449.5	0.0277534
23478.1	0.0283587
23506.6	0.0279723
23535.1	0.0266465
23563.6	0.025784
23592.0	0.0255388
23620.3	0.0260187
23648.7	0.0262732
23676.9	0.0264704
23705.2	0.0264574
23733.4	0.0263844
23761.5	0.0261249
23789.6	0.025746
23817.7	0.0259944
23845.7	0.0255276
23873.7	0.024409
23901.6	0.0247782
23929.5	0.0250647
23957.4	0.0250783
23985.2	0.0241533
24013.0	0.0239227
24040.8	0.0240884
24068.6	0.0234252
24096.3	0.0229775
24124.0	0.0225013
24151.6	0.0223015
24179.2	0.0220549
24206.8	0.0216041
24234.4	0.021355
24262.0	0.0214244
24289.5	0.0212192
24317.0	0.0210047
24344.5	0.0202243
24372.0	0.0198716
24399.5	0.0197499
24427.0	0.0202615
24454.4	0.0196443
24481.9	0.0193418
24509.3	0.0184767
24536.7	0.0183591
24564.2	0.0184
24591.6	0.0180822
24619.1	0.0184131
24646.5	0.0180899
24674.0	0.0176475
24701.4	0.0173233
24728.9	0.0168842
24756.4	0.0164262
24783.9	0.0170033
24811.5	0.0170015
24839.0	0.0167891
24866.6	0.0165437
24894.2	0.0159675
24921.9	0.0157888
24949.6	0.0162529
24977.3	0.0157252
25005.1	0.0159966
25032.9	0.0157305
25060.8	0.0155545
25088.7	0.0150914
25116.7	0.0156724
25144.8	0.0155062
25172.9	0.0151254
25201.1	0.0148713
25229.4	0.0158305
25257.7	0.0157747
25286.2	0.0141109
25314.7	0.0153634
25343.3	0.014814
25372.0	0.0146671
25400.9	0.0136916
25429.8	0.0151144
25458.8	0.0158178
25488.0	0.0144874
25517.3	0.01242
25546.7	0.0119188
25576.3	0.0131295
25606.0	0.0139266
33682.0	0.009508379748318033
46179.0	0.0036308910143611475
53650.0	0.0
