# Wavelength_(Angstrom)	Flux_(cgs)
6514.01	0.0093662
6536.14	0.00685413
6558.16	0.00744708
6580.09	0.00501507
6601.93	0.00444705
6623.69	0.00616367
6645.39	0.00633599
6667.02	0.00381679
6688.61	0.00386563
6710.16	0.00272169
6731.67	0.00501602
6753.17	0.00347978
6774.64	0.00288762
6796.11	0.00293474
6817.58	0.00316342
6839.06	0.00369011
6860.55	0.00275932
6882.06	0.00412444
6903.6	0.00569603
6925.18	0.00561041
6946.8	0.00786621
6968.48	0.00939313
6990.2	0.0110979
7011.99	0.0122788
7033.85	0.0132092
7055.77	0.0101546
7077.78	0.00773006
7099.88	0.00553935
7122.06	0.00514232
7144.33	0.00447413
7166.71	0.00458156
7189.19	0.0057525
7211.79	0.00715993
7234.49	0.00865906
7257.31	0.0112983
7280.26	0.0167222
7303.33	0.0197151
7326.54	0.0237539
7349.88	0.0259635
7373.35	0.0281756
7396.97	0.0299702
7420.74	0.0299041
7444.65	0.0299379
7468.71	0.0314069
7492.93	0.033147
7517.31	0.0344287
7541.85	0.0356727
7566.55	0.033554
7591.42	0.0316696
7616.45	0.0232554
7641.66	0.0137986
7667.04	0.0107255
7692.59	0.0105737
7718.32	0.0127342
7744.23	0.0155467
7770.32	0.0177901
7796.59	0.0192875
7823.05	0.021516
7849.69	0.0233698
7876.52	0.0242108
7903.53	0.0261644
7930.74	0.027725
7958.14	0.0299453
7985.72	0.0337511
8013.5	0.0392494
8041.48	0.0445519
8069.64	0.0508889
8098.01	0.0562615
8126.56	0.0589108
8155.32	0.0568595
8184.26	0.0556992
8213.41	0.0575946
8242.75	0.0597297
8272.29	0.0593168
8302.03	0.0577282
8331.96	0.0563081
8362.09	0.0561737
8392.42	0.0536419
8422.94	0.0471779
8453.66	0.0413545
8484.58	0.037883
8515.7	0.0396083
8547.01	0.0427644
8578.51	0.0453438
8610.21	0.0474297
8642.1	0.0485494
8674.19	0.0490539
8706.47	0.0502175
8738.94	0.0534965
8771.6	0.0589636
8804.45	0.0617964
8837.49	0.061864
8870.73	0.0612911
8904.14	0.0594545
8937.75	0.0626803
8971.53	0.066986
9005.51	0.0693414
9039.66	0.0724016
9074.0	0.0747386
9108.52	0.0794546
9143.22	0.0849173
9178.09	0.0855252
9213.14	0.0842441
9248.37	0.0818451
9283.77	0.0791395
9319.34	0.0787599
9355.08	0.078904
9390.99	0.0807951
9427.07	0.0836909
9463.32	0.0865345
9499.72	0.0886243
9536.29	0.0888695
9573.02	0.0870956
9609.92	0.0882918
9646.96	0.0895345
9684.17	0.089686
9721.52	0.0911297
9759.03	0.0918833
9796.69	0.0928291
9834.5	0.0916368
9872.45	0.0857024
9910.55	0.0798365
9948.78	0.0762107
9987.17	0.0788633
10025.7	0.0809861
10064.3	0.0844588
10103.1	0.0852966
10142.1	0.0878681
10181.1	0.0873872
10220.3	0.086664
10259.6	0.0857812
10299.0	0.0866364
10338.6	0.0885762
10378.3	0.0917126
10418.1	0.092708
10458.0	0.0946739
10498.0	0.0933938
10538.1	0.0927211
10578.4	0.0922573
10618.7	0.093465
10659.2	0.09454
10699.8	0.0967463
10740.4	0.098653
10781.2	0.0999247
10822.1	0.100839
10863.0	0.103399
10904.1	0.103337
10945.2	0.102026
10986.5	0.100941
11027.8	0.0996559
11069.2	0.0975026
11110.7	0.0968735
11152.2	0.0968476
11193.9	0.0967288
11235.6	0.096897
11277.4	0.0970747
11319.3	0.0929251
11361.2	0.0887489
11403.2	0.0882321
11445.3	0.0909198
11487.5	0.096072
11529.7	0.097809
11571.9	0.0973598
11614.2	0.0961406
11656.6	0.092845
11699.1	0.0913307
11741.5	0.0890832
11784.1	0.0900838
11826.7	0.0905507
11869.3	0.0927239
11912.0	0.0903185
11954.7	0.0883138
11997.4	0.086639
12040.2	0.0880683
12083.0	0.0897019
12125.9	0.0918887
12168.8	0.0924667
12211.7	0.0938251
12254.7	0.0940598
12297.7	0.09364
12340.7	0.0910209
12383.7	0.088655
12426.8	0.0868535
12469.8	0.0859266
12512.9	0.0873667
12556.0	0.0897004
12599.2	0.0912495
12642.3	0.0925545
12685.5	0.0938412
12728.6	0.0956023
12771.8	0.0950069
12815.0	0.0938103
12858.1	0.0926755
12901.3	0.0932702
12944.5	0.092469
12987.7	0.092449
13030.8	0.0924301
13074.0	0.0913647
13117.2	0.0893387
13160.4	0.0900344
13203.5	0.0900019
13246.7	0.0881656
13289.8	0.0835294
13332.9	0.0769899
13376.0	0.070964
13419.1	0.0674728
13462.2	0.065905
13505.3	0.0648865
13548.3	0.0625459
13591.3	0.05983
13634.4	0.0598357
13677.3	0.0613991
13720.3	0.0621276
13763.2	0.0603975
13806.1	0.0626498
13849.0	0.0609479
13891.8	0.0598257
13934.7	0.0589538
13977.4	0.0566864
14020.2	0.0575964
14062.9	0.0566893
14105.6	0.0560368
14148.2	0.0553766
14190.9	0.0548353
14233.4	0.0540817
14276.0	0.0543364
14318.5	0.0535093
14360.9	0.0541766
14403.3	0.0548606
14445.7	0.055349
14488.0	0.0555471
14530.3	0.0556324
14572.6	0.0556922
14614.8	0.055468
14656.9	0.054632
14699.0	0.0546202
14741.1	0.0540773
14783.1	0.054579
14825.0	0.0538528
14866.9	0.0546451
14908.8	0.0546182
14950.6	0.0554632
14992.3	0.0554237
15034.0	0.056237
15075.6	0.0561451
15117.2	0.0564704
15158.7	0.0564471
15200.2	0.0573187
15241.6	0.057288
15283.0	0.0580403
15324.3	0.0580812
15365.5	0.0582589
15406.7	0.058081
15447.8	0.0585591
15488.9	0.0588051
15529.9	0.0589408
15570.9	0.059005
15611.8	0.0597499
15652.6	0.0594225
15693.3	0.0597471
15734.1	0.0604101
15774.7	0.060623
15815.3	0.0600921
15855.8	0.059452
15896.2	0.0591906
15936.6	0.0599813
15977.0	0.0602483
16017.2	0.0612028
16057.4	0.0604884
16097.6	0.0600018
16137.6	0.0594819
16177.6	0.0600678
16217.6	0.0599995
16257.5	0.0598907
16297.3	0.0599992
16337.0	0.0601518
16376.7	0.0600113
16416.3	0.0604464
16455.9	0.061188
16495.4	0.0619669
16534.8	0.061543
16574.1	0.0613938
16613.4	0.0612494
16652.6	0.061308
16691.8	0.0610211
16730.9	0.0609051
16769.9	0.0608828
16808.9	0.0612532
16847.8	0.0611621
16886.6	0.0612197
16925.4	0.0602345
16964.1	0.0596739
17002.7	0.0590864
17041.3	0.0584811
17079.8	0.0574723
17118.2	0.0567584
17156.6	0.0556789
17194.9	0.0547198
17233.1	0.0539417
17271.3	0.0535941
17309.4	0.0526275
17347.5	0.0520828
17385.5	0.0513433
17423.4	0.0507817
17461.2	0.0500112
17499.0	0.0487541
17536.8	0.047546
17574.4	0.0467745
17612.0	0.0456428
17649.6	0.0450981
17687.1	0.0443158
17724.5	0.0432661
17761.8	0.0423008
17799.1	0.0416668
17836.3	0.0412962
17873.5	0.0404609
17910.6	0.0395412
17947.7	0.0388823
17984.6	0.0383438
18021.6	0.0381625
18058.4	0.0373189
18095.2	0.0375958
18132.0	0.0373084
18168.7	0.0370319
18205.3	0.0380067
18241.9	0.037516
18278.4	0.0377064
18314.8	0.0356376
18351.2	0.0341328
18387.5	0.0339329
18423.8	0.0309797
18460.0	0.031345
18496.2	0.0321464
18532.3	0.0316872
18568.4	0.0311738
18604.3	0.0309628
18640.3	0.0304575
18676.2	0.0300572
18712.0	0.027421
18747.8	0.0306838
18783.5	0.0308579
18819.1	0.0313071
18854.7	0.0315493
18890.3	0.0316811
18925.8	0.0317581
18961.2	0.0302087
18996.6	0.0314694
19032.0	0.0309759
19067.3	0.0322304
19102.5	0.0321198
19137.7	0.0333114
19172.8	0.0327045
19207.9	0.0332423
19242.9	0.0317835
19277.9	0.0320054
19312.8	0.0315631
19347.7	0.0312969
19382.5	0.0317876
19417.3	0.0305474
19452.0	0.0293535
19486.7	0.0284948
19521.3	0.0287075
19555.9	0.0299622
19590.4	0.0305564
19624.9	0.0310381
19659.3	0.0310895
19693.7	0.0309595
19728.1	0.0300685
19762.3	0.0284379
19796.6	0.0277322
19830.8	0.0276201
19864.9	0.0281715
19899.0	0.0281963
19933.1	0.0283872
19967.1	0.0285646
20001.0	0.0283307
20034.9	0.0280005
20068.8	0.0281136
20102.6	0.0279385
20136.4	0.0282055
20170.1	0.0284855
20203.8	0.028954
20237.4	0.0285413
20271.0	0.0287277
20304.5	0.0284228
20338.0	0.0288913
20371.5	0.0286128
20404.9	0.0284971
20438.2	0.0282641
20471.5	0.0281681
20504.8	0.0280506
20538.0	0.0283097
20571.2	0.0289422
20604.3	0.0288677
20637.4	0.0288055
20670.5	0.0289637
20703.4	0.0286908
20736.4	0.0289857
20769.3	0.0288869
20802.2	0.0289166
20835.0	0.0289837
20867.7	0.0290221
20900.5	0.0289793
20933.1	0.0293571
20965.8	0.0291024
20998.4	0.0292291
21030.9	0.0293727
21063.4	0.0294713
21095.9	0.0296676
21128.3	0.0295112
21160.6	0.0297395
21192.9	0.0299272
21225.2	0.0297426
21257.4	0.0300104
21289.6	0.0297792
21321.7	0.0299999
21353.8	0.0303283
21385.9	0.0301952
21417.9	0.0302935
21449.8	0.0304693
21481.7	0.030318
21513.6	0.030143
21545.4	0.0300042
21577.1	0.029952
21608.8	0.0298842
21640.5	0.0300866
21672.1	0.0305174
21703.7	0.0305315
21735.2	0.0302937
21766.7	0.0303895
21798.1	0.030093
21829.5	0.0300024
21860.8	0.0302218
21892.1	0.0303065
21923.3	0.0301514
21954.5	0.0301481
21985.6	0.0298657
22016.7	0.0300124
22047.8	0.0292919
22078.7	0.028902
22109.7	0.0289762
22140.6	0.0294457
22171.4	0.0298412
22202.2	0.0300843
22232.9	0.0299674
22263.6	0.0300864
22294.2	0.0299479
22324.8	0.0297273
22355.4	0.0298286
22385.8	0.0297306
22416.3	0.0297608
22446.7	0.0298657
22477.0	0.0293451
22507.3	0.0295949
22537.5	0.029532
22567.7	0.0296203
22597.8	0.0292913
22627.9	0.029276
22657.9	0.028708
22687.9	0.0287164
22717.8	0.0287963
22747.6	0.0287761
22777.5	0.0287866
22807.2	0.0286345
22836.9	0.0285132
22866.6	0.0286471
22896.2	0.0282708
22925.7	0.0271965
22955.3	0.0257896
22984.7	0.0247124
23014.1	0.0251482
23043.4	0.0257282
23072.7	0.0256468
23102.0	0.0256399
23131.2	0.0255621
23160.3	0.0252003
23189.4	0.0252846
23218.4	0.0243705
23247.4	0.0237205
23276.4	0.0231865
23305.3	0.0231834
23334.1	0.0233802
23362.9	0.0234301
23391.6	0.0232105
23420.3	0.0231012
23449.0	0.0233513
23477.6	0.0234309
23506.1	0.0229474
23534.6	0.0220427
23563.1	0.0213791
23591.5	0.0216544
23619.8	0.0220326
23648.2	0.0219291
23676.4	0.0220081
23704.7	0.0219124
23732.9	0.0219671
23761.0	0.0221047
23789.1	0.0219251
23817.2	0.0211995
23845.2	0.0206011
23873.2	0.0201352
23901.1	0.0204099
23929.0	0.0204415
23956.9	0.0205558
23984.8	0.0201929
24012.6	0.019987
24040.3	0.0197365
24068.1	0.019276
24095.8	0.0190655
24123.5	0.0187187
24151.1	0.018323
24178.8	0.0179913
24206.4	0.0180046
24233.9	0.0177891
24261.5	0.0179378
24289.0	0.0177854
24316.6	0.017262
24344.1	0.0168816
24371.5	0.0171246
24399.0	0.0170339
24426.5	0.0167396
24453.9	0.016244
24481.4	0.0160406
24508.8	0.0156753
24536.3	0.0162547
24563.7	0.0160451
24591.1	0.0157175
24618.6	0.0152604
24646.0	0.0150366
24673.5	0.0150596
24700.9	0.014823
24728.4	0.0144135
24755.9	0.0143563
24783.4	0.0142344
24811.0	0.0141419
24838.5	0.0140009
24866.1	0.0140644
24893.7	0.013334
24921.4	0.0132731
24949.1	0.0135679
24976.8	0.0133936
25004.6	0.0132133
25032.4	0.0128023
25060.3	0.0127683
25088.2	0.0125904
25116.2	0.013195
25144.3	0.0122518
25172.4	0.0122794
25200.6	0.0120224
25228.9	0.012189
25257.2	0.0124069
25285.7	0.011677
25314.2	0.0106928
25342.8	0.0109874
25371.5	0.0118411
25400.4	0.0107415
25429.3	0.00975625
25458.3	0.0110766
25487.5	0.0100515
25516.8	0.00972293
25546.2	0.00825398
25575.7	0.00935748
25605.4	0.0109201
33682.0	0.007180020436393549
46179.0	0.0026426057475266154
53650.0	0.0
